disc_num_Data: 12420.764126792099 128897.566667 245374.36920654122
before_accuracy_Data: 0.8900884919411141 0.896015334144 0.9019421763475524
before_fairness_Data: 0.027722278870467548 0.0974883333333 0.1672543877961991
after_accuracy_Data: 0.8875816002074067 0.894293929006 0.9010062578043266
after_fairness_Data: -9.079324857941642e-05 0.000279166666667 0.0006491265819127496
