disc_num_Data: 71829.74764811486 135365.9 198902.05235188513
before_accuracy_Data: 0.8847055290141227 0.889258726824 0.8938119246332775
before_fairness_Data: 0.00453574505837428 0.00692 0.00930425494162572
after_accuracy_Data: 0.8840857176874554 0.888643149397 0.8932005811073443
after_fairness_Data: 0.0013964069307938133 0.00229 0.0031835930692061874
