disc_num_Data: 35170.33556472749 322677.433333 610184.5311019393
before_accuracy_Data: 0.826480479102572 0.83764778136 0.8488150836180278
before_fairness_Data: 0.024214397878073807 0.246720833333 0.4692272687885928
after_accuracy_Data: 0.8186030962547247 0.829899176007 0.8411952557592083
after_fairness_Data: -0.008886928665254137 0.009905 0.028696928665254133
