disc_num_Data: 26036.978682175544 42886.4 59735.82131782446
before_accuracy_Data: 0.8088044596929932 0.818557756282 0.8283110528715399
before_fairness_Data: 0.015849303288830788 0.0203208333333 0.02479236337783587
after_accuracy_Data: 0.8084017536367432 0.818204616408 0.8280074791795902
after_fairness_Data: 0.007074892096173006 0.0089725 0.01087010790382699
