disc_num_Data: 83.24091961180466 4070.06666667 8056.892413721529
before_accuracy_Data: 0.6579526294577097 0.716833333333 0.7757140372089572
before_fairness_Data: 0.000608215353959581 0.0014575 0.002306784646040419
after_accuracy_Data: 0.6484589536046546 0.7065 0.7645410463953457
after_fairness_Data: 0.00021589352317415915 0.0007375 0.0012591064768258413
