disc_num_Data: -22344.83114647092 59501.12 141347.07114647093
before_accuracy_Data: 0.8276070738358482 0.838992783663 0.8503784934911122
before_fairness_Data: -0.012096799758127219 0.047733 0.10756279975812721
after_accuracy_Data: 0.8190977875884076 0.830517426685 0.8419370657817522
after_fairness_Data: -0.03676288869885885 0.015898 0.06855888869885886
