disc_num_Data: 23701.2897207689 44652.4666667 65603.64361256444
before_accuracy_Data: 0.8069666796858299 0.81850657659 0.8300464734949702
before_fairness_Data: 0.004576944854722277 0.0061325 0.007688055145277725
after_accuracy_Data: 0.8069280615172548 0.818332565638 0.8297370697585454
after_fairness_Data: 0.0021932141917863648 0.00300666666667 0.0038201191415469693
