disc_num_Data: 75998.50146830094 229920.0 383841.49853169906
before_accuracy_Data: 0.8209421291792166 0.832197144173 0.8434521591671834
before_fairness_Data: -0.030104103492271717 0.09511 0.22032410349227172
after_accuracy_Data: 0.8199175818254724 0.831613695685 0.8433098095454602
after_fairness_Data: 0.08453758616477841 0.252479166667 0.420420747168555
