disc_num_Data: 23701.2897207689 44652.4666667 65603.64361256444
before_accuracy_Data: 0.8069666796858299 0.81850657659 0.8300464734949702
before_fairness_Data: 0.004576944854722277 0.0061325 0.007688055145277725
after_accuracy_Data: 0.8068623362265657 0.818393981268 0.8299256263100343
after_fairness_Data: 0.005388337099329288 0.00802833333333 0.010668329567337383
