disc_num_Data: -29368.724569752347 66020.0333333 161408.79123641903
before_accuracy_Data: 0.829034207442191 0.839541429961 0.8500486524789423
before_fairness_Data: -0.02645812594619716 0.0551741666667 0.1368064592795305
after_accuracy_Data: 0.823948705120201 0.835544296023 0.8471398869264655
after_fairness_Data: -0.07701696692240931 0.0629566666667 0.20293030025574263
