22793.452257858415 166751.433333 310709.4144088082
before_accuracy: 0.688973613080881 0.736 0.7830263869191187
before_disc_percentage: 0.04807766150866835 0.166081666667 0.28408567182466493
after_accuracy: 0.6855076321675624 0.732 0.7784923678324374
after_disc_percentage: 0.01948342788016806 0.1003 0.18111657211983195
distance: 6.039131611995629 6.90082582869 7.762520045379036
