22793.452257858415 166751.433333 310709.4144088082
before_accuracy: 0.688973613080881 0.736 0.7830263869191187
before_disc_percentage: 0.04807766150866835 0.166081666667 0.28408567182466493
after_accuracy: 0.6831905882840418 0.733666666667 0.7841427450492916
after_disc_percentage: 0.006837340425794841 0.0946783333333 0.18251932624087175
distance: 6.528251825185138 7.16901251803 7.809773210864862
