22793.452257858415 166751.433333 310709.4144088082
before_accuracy: 0.688973613080881 0.736 0.7830263869191187
before_disc_percentage: 0.04807766150866835 0.166081666667 0.28408567182466493
after_accuracy: 0.6785301041730433 0.733833333333 0.7891365624936234
after_disc_percentage: 0.007357901528821195 0.0962408333333 0.1851237651378455
distance: 6.980964962420199 7.47250771091 7.964050459394469
