23254.109392457827 43556.1 63858.090607542166
before_accuracy: 0.8088049140808231 0.8192026204 0.8296003267195105
before_disc_percentage: 0.017341115362495482 0.0205525 0.023763884637504513
after_accuracy: 0.808522404130108 0.819095143047 0.8296678819642922
after_disc_percentage: 0.008320349837324105 0.01196 0.015599650162675895
distance: 3.345066983811151 3.6259137329 3.906760481980851
