disc_num_Data: 268737.64242910466 442564.033333 616390.424237562
before_accuracy_Data: 0.8892177336963983 0.897519259833 0.9058207859689346
before_fairness_Data: 0.034593605734768135 0.0492225 0.06385139426523184
after_accuracy_Data: 0.8888011743257598 0.895856832172 0.9029124900186403
after_fairness_Data: 0.0008590930146309926 0.00615166666667 0.011444240318702338
