disc_num_Data: -22344.83114647092 59501.12 141347.07114647093
before_accuracy_Data: 0.8276070738358482 0.838992783663 0.8503784934911122
before_fairness_Data: -0.012096799758127219 0.047733 0.10756279975812721
after_accuracy_Data: 0.8192930363681358 0.831070167358 0.8428472983469041
after_fairness_Data: -0.0346733242675993 0.01389 0.0624533242675993
