disc_num_Data: 22521.774851889524 183486.833333 344451.89181477716
before_accuracy_Data: 0.6908919932065958 0.748333333333 0.805774673460071
before_fairness_Data: 0.0697707078015608 0.1763325 0.28289429219843915
after_accuracy_Data: 0.6745481114751065 0.7405 0.8064518885248938
after_fairness_Data: 0.0005132202307195858 0.0154316666667 0.030350113102613756
