23254.109392457827 43556.1 63858.090607542166
before_accuracy: 0.8088049140808231 0.8192026204 0.8296003267195105
before_disc_percentage: 0.017341115362495482 0.0205525 0.023763884637504513
after_accuracy: 0.8084553742626593 0.81901325554 0.8295711368176738
after_disc_percentage: 0.008002061974036755 0.0129308333333 0.01785960469262991
distance: 2.7847214715658546 3.2861770396 3.7876326076348135
