23254.109392457827 43556.1 63858.090607542166
before_accuracy: 0.8088049140808231 0.8192026204 0.8296003267195105
before_disc_percentage: 0.017341115362495482 0.0205525 0.023763884637504513
after_accuracy: 0.8084851313220407 0.819064435232 0.8296437391420926
after_disc_percentage: 0.008887412559132103 0.0128041666667 0.01672092077420123
distance: 3.0632586519413962 3.41152004607 3.759781440198604
