23254.109392457827 43556.1 63858.090607542166
before_accuracy: 0.8088049140808231 0.8192026204 0.8296003267195105
before_disc_percentage: 0.017341115362495482 0.0205525 0.023763884637504513
after_accuracy: 0.8087164442229791 0.819084907109 0.829453369994821
after_disc_percentage: 0.009529428224003227 0.0141783333333 0.018827238442663437
distance: 1.4702025672822565 2.47164157434 3.473080581402411
