23254.109392457827 43556.1 63858.090607542166
before_accuracy: 0.8088049140808231 0.8192026204 0.8296003267195105
before_disc_percentage: 0.017341115362495482 0.0205525 0.023763884637504513
after_accuracy: 0.8086157131904059 0.819069553201 0.8295233932121275
after_disc_percentage: 0.008627743187507898 0.013545 0.018462256812492105
distance: 2.5934543481604124 3.1308493974 3.6682444466402546
