disc_num_Data: 71829.74764811486 135365.9 198902.05235188513
before_accuracy_Data: 0.8847055290141227 0.889258726824 0.8938119246332775
before_fairness_Data: 0.00453574505837428 0.00692 0.00930425494162572
after_accuracy_Data: 0.8850368065858655 0.889619963876 0.8942031211666014
after_fairness_Data: 0.011668911633876379 0.01892 0.026171088366123627
