disc_num_Data: 268737.64242910466 442564.033333 616390.424237562
before_accuracy_Data: 0.8892177336963983 0.897519259833 0.9058207859689346
before_fairness_Data: 0.034593605734768135 0.0492225 0.06385139426523184
after_accuracy_Data: 0.8909952646737734 0.897320210844 0.9036451570150933
after_fairness_Data: -0.002800441025762837 0.07869 0.16018044102576284
