disc_num_Data: -22344.83114647092 59501.12 141347.07114647093
before_accuracy_Data: 0.8276070738358482 0.838992783663 0.8503784934911122
before_fairness_Data: -0.012096799758127219 0.047733 0.10756279975812721
after_accuracy_Data: 0.8160649956413464 0.831192998618 0.8463210015950533
after_fairness_Data: -0.017709930031585053 0.007199 0.032107930031585054
