disc_num_Data: 268737.64242910466 442564.033333 616390.424237562
before_accuracy_Data: 0.8892177336963983 0.897519259833 0.9058207859689346
before_fairness_Data: 0.034593605734768135 0.0492225 0.06385139426523184
after_accuracy_Data: 0.8891060614597881 0.896284418887 0.9034627763151453
after_fairness_Data: 0.01158079182855666 0.0639708333333 0.11636087483811001
