disc_num_Data: 92965.27882631103 126489.1 160012.92117368898
before_accuracy_Data: 0.8091604560623926 0.818306975792 0.8274534955216739
before_fairness_Data: 0.0012433843075308818 0.00166666666667 0.002089949025802451
after_accuracy_Data: 0.8091054127720946 0.818230206254 0.8273549997363053
after_fairness_Data: 0.0007817421689767483 0.00135416666667 0.0019265911643565853
