disc_num_Data: -22344.83114647092 59501.12 141347.07114647093
before_accuracy_Data: 0.8276070738358482 0.838992783663 0.8503784934911122
before_fairness_Data: -0.012096799758127219 0.047733 0.10756279975812721
after_accuracy_Data: 0.82586647907329 0.836898510671 0.84793054226863
after_fairness_Data: -0.020487131007090112 0.111051 0.24258913100709012
