disc_num_Data: 35170.33556472749 322677.433333 610184.5311019393
before_accuracy_Data: 0.826480479102572 0.83764778136 0.8488150836180278
before_fairness_Data: 0.024214397878073807 0.246720833333 0.4692272687885928
after_accuracy_Data: 0.828274024604303 0.838604841599 0.848935658593297
after_fairness_Data: 0.21376715060398424 0.391463333333 0.5691595160626824
