93867.75796374821 130735.866667 167603.97536958513
before_accuracy: 0.8092687154844926 0.817958953887 0.8266491922896404
before_disc_percentage: 0.001261869496056006 0.00171583333333 0.0021697971706106604
after_accuracy: 0.8094175598010298 0.81787706638 0.8263365729591701
after_disc_percentage: 0.0006058884076105572 0.0010825 0.0015591115923894421
distance: 2.404769141871645 2.76144645007 3.1181237582756873
