93867.75796374821 130735.866667 167603.97536958513
before_accuracy: 0.8092687154844926 0.817958953887 0.8266491922896404
before_disc_percentage: 0.001261869496056006 0.00171583333333 0.0021697971706106604
after_accuracy: 0.8094289866657874 0.81787706638 0.8263251460942794
after_disc_percentage: 0.0005111866993549902 0.00104416666667 0.0015771466339783429
distance: 2.690767290390492 2.93488634533 3.1790054002775077
