93867.75796374821 130735.866667 167603.97536958513
before_accuracy: 0.8092687154844926 0.817958953887 0.8266491922896404
before_disc_percentage: 0.001261869496056006 0.00171583333333 0.0021697971706106604
after_accuracy: 0.8093186956546634 0.81799989764 0.8266810996263365
after_disc_percentage: 0.0003834160787659978 0.0006525 0.0009215839212340022
distance: 3.351788253758198 3.45090501977 3.5500217857778025
