-1148.222221119373 76370.5 153889.2222211194
before_accuracy: 0.694265855948552 0.743166666667 0.7920674773847816
before_disc_percentage: 0.014768687061280192 0.0862625 0.1577563129387199
after_accuracy: 0.6842295295237413 0.737166666667 0.790103803809592
after_disc_percentage: -0.01897648141073795 0.0266358333333 0.07224814807740462
distance: 3.4003824823245345 5.30198863898 7.203594795632798
