74715.70571899571 124534.633333 174353.56094767095
before_accuracy: 0.8843922858372589 0.889078108297 0.8937639307574751
before_disc_percentage: 0.004603169173065344 0.00673083333333 0.008858497493601321
after_accuracy: 0.8840656930650675 0.888794279185 0.8935228653042658
after_disc_percentage: 0.0016913393338593536 0.00320416666667 0.00471699399947398
distance: 5.098776673152114 5.38760260754 5.676428541931883
