74715.70571899571 124534.633333 174353.56094767095
before_accuracy: 0.8843922858372589 0.889078108297 0.8937639307574751
before_disc_percentage: 0.004603169173065344 0.00673083333333 0.008858497493601321
after_accuracy: 0.884290223732182 0.889026503004 0.8937627822761508
after_disc_percentage: 0.0032860755173854676 0.00486083333333 0.006435591149281198
distance: 0.9581622780563068 2.72232369936 4.486485120655693
