74715.70571899571 124534.633333 174353.56094767095
before_accuracy: 0.8843922858372589 0.889078108297 0.8937639307574751
before_disc_percentage: 0.004603169173065344 0.00673083333333 0.008858497493601321
after_accuracy: 0.8838005227633838 0.88870949906 0.8936184753568828
after_disc_percentage: 0.001616202615132702 0.00254583333333 0.003475464051533965
distance: 5.645000431416663 5.76804828521 5.891096139011332
