84352.58023064694 328354.866667 572357.1531026864
before_accuracy: 0.827848512181046 0.838451302523 0.8490540928651534
before_disc_percentage: 0.0858195320045966 0.265074166667 0.44432880132873676
after_accuracy: 0.8190780627781324 0.832458160602 0.8458382584255346
after_disc_percentage: -0.006367540213465361 0.0711458333333 0.14865920688013204
distance: 3.3554081417262225 3.99837487861 4.641341615489777
