84352.58023064694 328354.866667 572357.1531026864
before_accuracy: 0.827848512181046 0.838451302523 0.8490540928651534
before_disc_percentage: 0.0858195320045966 0.265074166667 0.44432880132873676
after_accuracy: 0.8215808706851921 0.831260555811 0.840940240937541
after_disc_percentage: -0.0031932041496190583 0.0710358333333 0.14526487081628575
distance: 2.982961549435508 4.31674163044 5.650521711438492
