84352.58023064694 328354.866667 572357.1531026864
before_accuracy: 0.827848512181046 0.838451302523 0.8490540928651534
before_disc_percentage: 0.0858195320045966 0.265074166667 0.44432880132873676
after_accuracy: 0.8202282337523408 0.831992425406 0.8437566170587256
after_disc_percentage: -0.009770115166333124 0.0638258333333 0.1374217818329998
distance: 3.3117994126879555 4.3813852049 5.450970997112044
