84352.58023064694 328354.866667 572357.1531026864
before_accuracy: 0.827848512181046 0.838451302523 0.8490540928651534
before_disc_percentage: 0.0858195320045966 0.265074166667 0.44432880132873676
after_accuracy: 0.8202351311087973 0.831055837044 0.8418765429789355
after_disc_percentage: -0.010278088994216526 0.0571775 0.12463308899421655
distance: 4.1135886768597825 5.92139394859 7.729199220325553
