-10081.620457951984 115155.533333 240392.68712461868
before_accuracy: 0.8919639015099509 0.896214383132 0.9004648647550485
before_disc_percentage: 0.010858493867624427 0.0883516666667 0.16584483946570894
after_accuracy: 0.8879988764687281 0.894389767408 0.9007806583463387
after_disc_percentage: -0.005799236645570936 0.00392916666667 0.013657569978904268
distance: 5.120657895654159 5.54090413638 5.961150377097176
