-10081.620457951984 115155.533333 240392.68712461868
before_accuracy: 0.8919639015099509 0.896214383132 0.9004648647550485
before_disc_percentage: 0.010858493867624427 0.0883516666667 0.16584483946570894
after_accuracy: 0.8908644638800184 0.895289173947 0.8997138840133821
after_disc_percentage: -0.02361621252074997 0.0307241666667 0.0850645458540833
distance: 1.1561023610351449 2.8772946367 4.598486912372857
