-10081.620457951984 115155.533333 240392.68712461868
before_accuracy: 0.8919639015099509 0.896214383132 0.9004648647550485
before_disc_percentage: 0.010858493867624427 0.0883516666667 0.16584483946570894
after_accuracy: 0.8882089578949944 0.894050646909 0.8998923359235392
after_disc_percentage: -0.0073385726955869784 0.00377333333333 0.014885239362253645
distance: 5.478277515337286 5.75488458323 6.031491651123384
