-10081.620457951984 115155.533333 240392.68712461868
before_accuracy: 0.8919639015099509 0.896214383132 0.9004648647550485
before_disc_percentage: 0.010858493867624427 0.0883516666667 0.16584483946570894
after_accuracy: 0.8909468044891525 0.895388698441 0.8998305923922475
after_disc_percentage: -0.008387173212188282 0.00650333333333 0.021393839878854952
distance: 4.3271928300733995 4.98377510278 5.640357375481934
