-10081.620457951984 115155.533333 240392.68712461868
before_accuracy: 0.8919639015099509 0.896214383132 0.9004648647550485
before_disc_percentage: 0.010858493867624427 0.0883516666667 0.16584483946570894
after_accuracy: 0.889980748274253 0.894504036271 0.8990273242681475
after_disc_percentage: -0.00836289707444934 0.0051075 0.018577897074449342
distance: 5.244867122060574 5.59707657406 5.949286026056759
