disc_num_Data: 87167.37560726283 509080.7 930994.0243927372
before_accuracy_Data: 0.8259226075594813 0.834141972465 0.8423613373711186
before_fairness_Data: 0.0025353523257017913 0.01777 0.03300464767429822
after_accuracy_Data: 0.8235097799658131 0.831997543375 0.8404853067835867
after_fairness_Data: 0.00035705292373390367 0.00956583333333 0.01877461374293276
