84352.58023064694 328354.866667 572357.1531026864
before_accuracy: 0.827848512181046 0.838451302523 0.8490540928651534
before_disc_percentage: 0.0858195320045966 0.265074166667 0.44432880132873676
after_accuracy: 0.8201401518454398 0.831951481652 0.84376281145876
after_disc_percentage: -0.025742153440828197 0.1454125 0.31656715344082814
distance: 0.152959211351809 2.27474257419 4.3965259370219245
