84352.58023064694 328354.866667 572357.1531026864
before_accuracy: 0.827848512181046 0.838451302523 0.8490540928651534
before_disc_percentage: 0.0858195320045966 0.265074166667 0.44432880132873676
after_accuracy: 0.8188546846573634 0.831327089411 0.8437994941645033
after_disc_percentage: 0.006223843203122442 0.0813025 0.1563811567968776
distance: 3.141132882512684 3.93389506873 4.7266572549406485
