84352.58023064694 328354.866667 572357.1531026864
before_accuracy: 0.827848512181046 0.838451302523 0.8490540928651534
before_disc_percentage: 0.0858195320045966 0.265074166667 0.44432880132873676
after_accuracy: 0.8187077349292341 0.830933005783 0.8431582766375655
after_disc_percentage: 0.013968446982524252 0.1049475 0.1959265530174758
distance: 1.8417322920815888 3.51731168164 5.192891071190411
