-313.4652438204348 5418.36666667 11150.19857715377
before_accuracy: 0.6506267061991053 0.715833333333 0.7810399604675611
before_disc_percentage: 0.0007563658731850154 0.00169666666667 0.0026369674601483175
after_accuracy: 0.6492104600006773 0.707 0.7647895399993229
after_disc_percentage: 0.0002093851411341344 0.000683333333333 0.0011572815255325324
distance: 5.641281647869701 6.75642677814 7.8715719084116325
