-313.4652438204348 5418.36666667 11150.19857715377
before_accuracy: 0.6506267061991053 0.715833333333 0.7810399604675611
before_disc_percentage: 0.0007563658731850154 0.00169666666667 0.0026369674601483175
after_accuracy: 0.6484197779408455 0.712166666667 0.7759135553924877
after_disc_percentage: 0.0004915158360651275 0.0011475 0.0018034841639348724
distance: 0.5538470177173098 1.62014070059 2.686434383465823
