-313.4652438204348 5418.36666667 11150.19857715377
before_accuracy: 0.6506267061991053 0.715833333333 0.7810399604675611
before_disc_percentage: 0.0007563658731850154 0.00169666666667 0.0026369674601483175
after_accuracy: 0.6483831021225847 0.708333333333 0.7682835645440819
after_disc_percentage: 0.00046264353541188084 0.00100833333333 0.0015540231312547858
distance: 1.4322580475199111 3.96627540437 6.500292761230087
