-77510.9404785553 65068.5 207647.9404785553
before_accuracy: 0.8239950233234126 0.837606837607 0.8512186518902538
before_disc_percentage: -0.05557493782576869 0.0500683333333 0.15571160449243535
after_accuracy: 0.8175886595615912 0.83032396745 0.8430592753378089
after_disc_percentage: -0.021997336417203313 0.0101383333333 0.04227400308386998
distance: 1.7425673261633179 6.054995694 10.367424061836683
