-77510.9404785553 65068.5 207647.9404785553
before_accuracy: 0.8239950233234126 0.837606837607 0.8512186518902538
before_disc_percentage: -0.05557493782576869 0.0500683333333 0.15571160449243535
after_accuracy: 0.8166409613762731 0.830293259635 0.8439455578927935
after_disc_percentage: -0.019352114870868672 0.009365 0.038082114870868676
distance: 3.296035942744738 7.0523123457 10.808588748659261
