disc_num_Data: -29368.724569752347 66020.0333333 161408.79123641903
before_accuracy_Data: 0.829034207442191 0.839541429961 0.8500486524789423
before_fairness_Data: -0.02645812594619716 0.0551741666667 0.1368064592795305
after_accuracy_Data: 0.8252124492708615 0.838328471263 0.8514444932544052
after_fairness_Data: -0.0240988784248724 0.0437633333333 0.11162554509153905
