disc_num_Data: 26036.978682175544 42886.4 59735.82131782446
before_accuracy_Data: 0.8088044596929932 0.818557756282 0.8283110528715399
before_fairness_Data: 0.015849303288830788 0.0203208333333 0.02479236337783587
after_accuracy_Data: 0.808610150265011 0.818404217207 0.828198284148255
after_fairness_Data: 0.01810397899037304 0.0491108333333 0.08011768767629363
