disc_num_Data: 75998.50146830094 229920.0 383841.49853169906
before_accuracy_Data: 0.8209421291792166 0.832197144173 0.8434521591671834
before_fairness_Data: -0.030104103492271717 0.09511 0.22032410349227172
after_accuracy_Data: 0.8189212222282601 0.830380265111 0.8418393079934062
after_fairness_Data: -0.007353552351531012 0.040755 0.08886355235153101
