-313.4652438204348 5418.36666667 11150.19857715377
before_accuracy: 0.6506267061991053 0.715833333333 0.7810399604675611
before_disc_percentage: 0.0007563658731850154 0.00169666666667 0.0026369674601483175
after_accuracy: 0.6491352538048146 0.705833333333 0.7625314128618518
after_disc_percentage: 6.136517534146375e-05 0.000561666666667 0.00106196815799187
distance: 6.674111716779094 7.38122442665 8.088337136529576
