-313.4652438204348 5418.36666667 11150.19857715377
before_accuracy: 0.6506267061991053 0.715833333333 0.7810399604675611
before_disc_percentage: 0.0007563658731850154 0.00169666666667 0.0026369674601483175
after_accuracy: 0.6486907405976899 0.7115 0.7743092594023099
after_disc_percentage: 0.00044094197536912534 0.00105833333333 0.0016757246912975415
distance: 1.125600506099596 3.54454072951 5.963480952913736
