-313.4652438204348 5418.36666667 11150.19857715377
before_accuracy: 0.6506267061991053 0.715833333333 0.7810399604675611
before_disc_percentage: 0.0007563658731850154 0.00169666666667 0.0026369674601483175
after_accuracy: 0.6445254803940039 0.707 0.7694745196059962
after_disc_percentage: 0.0003083238460941908 0.000986666666667 0.0016650094872391425
distance: 2.291846070033068 5.01267825375 7.7335104374635995
