23640.19164476914 49835.1333333 76030.07502189753
before_accuracy: 0.809571940903317 0.818644761759 0.8277175826138162
before_disc_percentage: 0.004951892939101657 0.0064425 0.007933107060898345
after_accuracy: 0.8097217564558392 0.818598700036 0.8274756436160271
after_disc_percentage: 0.003870366563458366 0.00518916666667 0.0065079667698749654
distance: 2.533177470658421 3.23674587624 3.94031428182758
