23640.19164476914 49835.1333333 76030.07502189753
before_accuracy: 0.809571940903317 0.818644761759 0.8277175826138162
before_disc_percentage: 0.004951892939101657 0.0064425 0.007933107060898345
after_accuracy: 0.8097148502537439 0.818685705512 0.8276565607703894
after_disc_percentage: 0.004024856803821302 0.00525416666667 0.006483476529512031
distance: 2.323094825948043 3.06632246345 3.809550100950625
