23640.19164476914 49835.1333333 76030.07502189753
before_accuracy: 0.809571940903317 0.818644761759 0.8277175826138162
before_disc_percentage: 0.004951892939101657 0.0064425 0.007933107060898345
after_accuracy: 0.8095741574530886 0.81863452582 0.8276948941872444
after_disc_percentage: 0.0041970240974067196 0.0055825 0.00696797590259328
distance: -0.26596478755221087 1.23459948119 2.735163749925544
