23640.19164476914 49835.1333333 76030.07502189753
before_accuracy: 0.809571940903317 0.818644761759 0.8277175826138162
before_disc_percentage: 0.004951892939101657 0.0064425 0.007933107060898345
after_accuracy: 0.8093852834843667 0.818552638313 0.8277199931418331
after_disc_percentage: 0.0027560851427439435 0.00382833333333 0.004900581523922725
distance: 3.7258113063751885 4.37920326815 5.032595229918142
