23640.19164476914 49835.1333333 76030.07502189753
before_accuracy: 0.809571940903317 0.818644761759 0.8277175826138162
before_disc_percentage: 0.004951892939101657 0.0064425 0.007933107060898345
after_accuracy: 0.8093563189892257 0.818527048467 0.827697777945374
after_disc_percentage: 0.0035112011035832646 0.00481 0.006108798896416737
distance: 2.7748117312360687 3.38934284638 4.003873961521266
