disc_num_Data: 268737.64242910466 442564.033333 616390.424237562
before_accuracy_Data: 0.8892177336963983 0.897519259833 0.9058207859689346
before_fairness_Data: 0.034593605734768135 0.0492225 0.06385139426523184
after_accuracy_Data: 0.8885889665193025 0.896605108924 0.9046212513288308
after_fairness_Data: 0.0019215658109308104 0.0149 0.02787843418906919
