disc_num_Data: 35170.33556472749 322677.433333 610184.5311019393
before_accuracy_Data: 0.826480479102572 0.83764778136 0.8488150836180278
before_fairness_Data: 0.024214397878073807 0.246720833333 0.4692272687885928
after_accuracy_Data: 0.8183655858140664 0.832458160602 0.8465507353896005
after_fairness_Data: -0.011628194959985821 0.0600925 0.1318131949599858
