disc_num_Data: 92965.27882631103 126489.1 160012.92117368898
before_accuracy_Data: 0.8091604560623926 0.818306975792 0.8274534955216739
before_fairness_Data: 0.0012433843075308818 0.00166666666667 0.002089949025802451
after_accuracy_Data: 0.808776374974321 0.817672347613 0.8265683202507453
after_fairness_Data: 0.00022653764936255306 0.000548333333333 0.0008701290173041135
