disc_num_Data: 638.3104733880973 27423.8333333 54209.35619327857
before_accuracy_Data: 0.6536637575105168 0.712666666667 0.7716695758228166
before_fairness_Data: 0.007770422756475713 0.0190708333333 0.03037124391019095
after_accuracy_Data: 0.656285962791043 0.715166666667 0.7740473705422904
after_fairness_Data: 0.005651395414435688 0.0110441666667 0.016436937918897648
