disc_num_Data: 46525.726653046906 114291.966667 182058.2066802864
before_accuracy_Data: 0.7118270843668177 0.765666666667 0.8195062489665159
before_fairness_Data: 0.06029987498695563 0.0956466666667 0.13099345834637768
after_accuracy_Data: 0.7036796358743475 0.763 0.8223203641256526
after_fairness_Data: 0.01741990670939158 0.05185 0.08628009329060846
