disc_num_Data: 83.24091961180466 4070.06666667 8056.892413721529
before_accuracy_Data: 0.6579526294577097 0.716833333333 0.7757140372089572
before_fairness_Data: 0.000608215353959581 0.0014575 0.002306784646040419
after_accuracy_Data: 0.6485392761885659 0.710833333333 0.7731273904781008
after_fairness_Data: 0.00016212677905853964 0.000826666666667 0.0014912065542747937
