disc_num_Data: -17363.697103272192 90054.8 197473.2971032722
before_accuracy_Data: 0.66398777013134 0.7385 0.8130122298686596
before_fairness_Data: 0.004441841680401903 0.0951883333333 0.18593482498626476
after_accuracy_Data: 0.6621453144547418 0.733666666667 0.8051880188785916
after_fairness_Data: -0.009789975567753822 0.0653633333333 0.14051664223442045
