-1148.222221119373 76370.5 153889.2222211194
before_accuracy: 0.694265855948552 0.743166666667 0.7920674773847816
before_disc_percentage: 0.014768687061280192 0.0862625 0.1577563129387199
after_accuracy: 0.6730741347232809 0.7315 0.7899258652767192
after_disc_percentage: -0.03861411589249428 0.0317558333333 0.10212578255916094
distance: 5.477493733196377 6.83541225872 8.193330784250291
