-1148.222221119373 76370.5 153889.2222211194
before_accuracy: 0.694265855948552 0.743166666667 0.7920674773847816
before_disc_percentage: 0.014768687061280192 0.0862625 0.1577563129387199
after_accuracy: 0.6848240668555284 0.735666666667 0.786509266477805
after_disc_percentage: -0.022243498955755767 0.03098 0.08420349895575577
distance: 7.237103109298619 7.95139862697 8.66569414464605
