-1148.222221119373 76370.5 153889.2222211194
before_accuracy: 0.694265855948552 0.743166666667 0.7920674773847816
before_disc_percentage: 0.014768687061280192 0.0862625 0.1577563129387199
after_accuracy: 0.6891957851216663 0.739833333333 0.7904708815450001
after_disc_percentage: -0.0299925820376228 0.0260158333333 0.08202424870428947
distance: 6.814416801447478 7.51193526898 8.209453736512524
