93867.75796374821 130735.866667 167603.97536958513
before_accuracy: 0.8092687154844926 0.817958953887 0.8266491922896404
before_disc_percentage: 0.001261869496056006 0.00171583333333 0.0021697971706106604
after_accuracy: 0.8092873142160658 0.817943599979 0.8265998857429341
after_disc_percentage: 0.0006254761693905135 0.00130083333333 0.001976190497276153
distance: 1.9782253251900392 2.46357451558 2.948923705979961
