93867.75796374821 130735.866667 167603.97536958513
before_accuracy: 0.8092687154844926 0.817958953887 0.8266491922896404
before_disc_percentage: 0.001261869496056006 0.00171583333333 0.0021697971706106604
after_accuracy: 0.8093793942573888 0.817984543733 0.8265896932087446
after_disc_percentage: 0.00047602311996662236 0.0008575 0.001238976880033378
distance: 2.969197736398013 3.14229260181 3.315387467213321
