93867.75796374821 130735.866667 167603.97536958513
before_accuracy: 0.8092687154844926 0.817958953887 0.8266491922896404
before_disc_percentage: 0.001261869496056006 0.00171583333333 0.0021697971706106604
after_accuracy: 0.8091686184545749 0.817918010134 0.8266674018126249
after_disc_percentage: 0.0004597052849649001 0.000756666666667 0.001053628048368433
distance: 3.1198995541706096 3.26686061567 3.4138216771687264
