93867.75796374821 130735.866667 167603.97536958513
before_accuracy: 0.8092687154844926 0.817958953887 0.8266491922896404
before_disc_percentage: 0.001261869496056006 0.00171583333333 0.0021697971706106604
after_accuracy: 0.8092613536501605 0.818081785148 0.8269022166451061
after_disc_percentage: 0.0008729833387557157 0.00151333333333 0.002153683327910952
distance: 0.8968944214086405 1.54959223143 2.2022900414501594
