93867.75796374821 130735.866667 167603.97536958513
before_accuracy: 0.8092687154844926 0.817958953887 0.8266491922896404
before_disc_percentage: 0.001261869496056006 0.00171583333333 0.0021697971706106604
after_accuracy: 0.8092335291232 0.817820768719 0.8264080083147332
after_disc_percentage: 0.000295474893278597 0.000586666666667 0.0008778584400547364
distance: 3.5681958087461814 3.6936955982 3.819195387643819
