74715.70571899571 124534.633333 174353.56094767095
before_accuracy: 0.8843922858372589 0.889078108297 0.8937639307574751
before_disc_percentage: 0.004603169173065344 0.00673083333333 0.008858497493601321
after_accuracy: 0.8836875183697922 0.888606288474 0.8935250585773414
after_disc_percentage: 0.0016094049556212681 0.0030475 0.004485595044378733
distance: 5.262336222710786 5.5235280536 5.784719884484549
