255045.5791587161 425956.6 596867.6208412838
before_accuracy: 0.8907396675298836 0.897194883704 0.9036500998776494
before_disc_percentage: 0.03005652077713585 0.0480966666667 0.0661368125561975
after_accuracy: 0.891254952857554 0.897076928748 0.9028989046382461
after_disc_percentage: -0.0028411421696830155 0.0154683333333 0.033777808836349676
distance: 5.791050247096383 5.97339084333 6.155731439558284
