255045.5791587161 425956.6 596867.6208412838
before_accuracy: 0.8907396675298836 0.897194883704 0.9036500998776494
before_disc_percentage: 0.03005652077713585 0.0480966666667 0.0661368125561975
after_accuracy: 0.8913414453678701 0.897699878359 0.9040583113500626
after_disc_percentage: 0.001280242555878202 0.0152558333333 0.029231424110788468
distance: 5.940327069615373 6.11565932634 6.290991583059963
