disc_num_Data: 75998.50146830094 229920.0 383841.49853169906
before_accuracy_Data: 0.8209421291792166 0.832197144173 0.8434521591671834
before_fairness_Data: -0.030104103492271717 0.09511 0.22032410349227172
after_accuracy_Data: 0.8232853319822073 0.831163314397 0.8390412968113257
after_fairness_Data: 0.0025072461156114625 0.0337616666667 0.06501608721772187
