disc_num_Data: 26036.978682175544 42886.4 59735.82131782446
before_accuracy_Data: 0.8088044596929932 0.818557756282 0.8283110528715399
before_fairness_Data: 0.015849303288830788 0.0203208333333 0.02479236337783587
after_accuracy_Data: 0.8087333943939259 0.818429807053 0.8281262197112744
after_fairness_Data: 0.010160213896399579 0.0126633333333 0.015166452770267088
