disc_num_Data: 638.3104733880973 27423.8333333 54209.35619327857
before_accuracy_Data: 0.6536637575105168 0.712666666667 0.7716695758228166
before_fairness_Data: 0.007770422756475713 0.0190708333333 0.03037124391019095
after_accuracy_Data: 0.6526828908463838 0.712333333333 0.771983775820283
after_fairness_Data: 0.004932455061456837 0.0123525 0.019772544938543163
