disc_num_Data: 83.24091961180466 4070.06666667 8056.892413721529
before_accuracy_Data: 0.6579526294577097 0.716833333333 0.7757140372089572
before_fairness_Data: 0.000608215353959581 0.0014575 0.002306784646040419
after_accuracy_Data: 0.6514667357155559 0.715833333333 0.780199930951111
after_fairness_Data: 0.0004972741169651279 0.00128083333333 0.0020643925497015377
