disc_num_Data: 71829.74764811486 135365.9 198902.05235188513
before_accuracy_Data: 0.8847055290141227 0.889258726824 0.8938119246332775
before_fairness_Data: 0.00453574505837428 0.00692 0.00930425494162572
after_accuracy_Data: 0.8845133460039385 0.888893803679 0.8932742613535951
after_fairness_Data: 0.00732131321621054 0.0110858333333 0.01485035345045613
