disc_num_Data: -22344.83114647092 59501.12 141347.07114647093
before_accuracy_Data: 0.8276070738358482 0.838992783663 0.8503784934911122
before_fairness_Data: -0.012096799758127219 0.047733 0.10756279975812721
after_accuracy_Data: 0.8177720672476453 0.830578842315 0.8433856173829944
after_fairness_Data: -0.009543951887823244 0.006056 0.021655951887823245
