disc_num_Data: 75998.50146830094 229920.0 383841.49853169906
before_accuracy_Data: 0.8209421291792166 0.832197144173 0.8434521591671834
before_fairness_Data: -0.030104103492271717 0.09511 0.22032410349227172
after_accuracy_Data: 0.8222453229755665 0.833241209888 0.8442370968003
after_fairness_Data: 0.14895249630563492 0.342435 0.5359175036943651
