disc_num_Data: 46525.726653046906 114291.966667 182058.2066802864
before_accuracy_Data: 0.7118270843668177 0.765666666667 0.8195062489665159
before_fairness_Data: 0.06029987498695563 0.0956466666667 0.13099345834637768
after_accuracy_Data: 0.7006874500337242 0.7625 0.8243125499662757
after_fairness_Data: 0.0721078139780284 0.109030833333 0.14595385268863828
