disc_num_Data: -17363.697103272192 90054.8 197473.2971032722
before_accuracy_Data: 0.66398777013134 0.7385 0.8130122298686596
before_fairness_Data: 0.004441841680401903 0.0951883333333 0.18593482498626476
after_accuracy_Data: 0.6606848634992721 0.727666666667 0.7946484698340608
after_fairness_Data: -0.018972730387508012 0.0436975 0.10636773038750802
