disc_num_Data: 638.3104733880973 27423.8333333 54209.35619327857
before_accuracy_Data: 0.6536637575105168 0.712666666667 0.7716695758228166
before_fairness_Data: 0.007770422756475713 0.0190708333333 0.03037124391019095
after_accuracy_Data: 0.6616402798077486 0.711833333333 0.7620263868589182
after_fairness_Data: 0.005522239684869512 0.0157616666667 0.026001093648463813
