disc_num_Data: 19326.25028772556 140077.8 260829.34971227442
before_accuracy_Data: 0.7187580737404826 0.778333333333 0.8379085929261842
before_fairness_Data: 0.039668841583093375 0.120146666667 0.20062449175024
after_accuracy_Data: 0.7040485436518891 0.7665 0.8289514563481108
after_fairness_Data: 0.050246764229426394 0.153316666667 0.2563865691039069
