2354.9421821611686 31399.9 60444.857817838834
before_accuracy: 0.6568642269694533 0.713666666667 0.77046910636388
before_disc_percentage: 0.009454487772521496 0.0218416666667 0.034228845560811835
after_accuracy: 0.6597671050298287 0.717 0.7742328949701714
after_disc_percentage: 0.006472493525494296 0.013975 0.021477506474505702
distance: 2.051063168314121 4.02349325963 5.995923350946546
