2354.9421821611686 31399.9 60444.857817838834
before_accuracy: 0.6568642269694533 0.713666666667 0.77046910636388
before_disc_percentage: 0.009454487772521496 0.0218416666667 0.034228845560811835
after_accuracy: 0.6639338011117897 0.716 0.7680661988882103
after_disc_percentage: 0.0054878000034709 0.01125 0.017012199996529108
distance: 6.333954706500206 7.08616811603 7.8383815255604645
