-1148.222221119373 76370.5 153889.2222211194
before_accuracy: 0.694265855948552 0.743166666667 0.7920674773847816
before_disc_percentage: 0.014768687061280192 0.0862625 0.1577563129387199
after_accuracy: 0.6710366980214435 0.735 0.7989633019785565
after_disc_percentage: -0.023597442819921006 0.0223466666667 0.06829077615325435
distance: 5.543382990854654 6.71373790877 7.884092826691343
