-1148.222221119373 76370.5 153889.2222211194
before_accuracy: 0.694265855948552 0.743166666667 0.7920674773847816
before_disc_percentage: 0.014768687061280192 0.0862625 0.1577563129387199
after_accuracy: 0.6860064773525735 0.736833333333 0.787660189314093
after_disc_percentage: -0.03288921317932598 0.027905 0.088699213179326
distance: 6.379714765845346 7.25406099067 8.12840721549132
