-1148.222221119373 76370.5 153889.2222211194
before_accuracy: 0.694265855948552 0.743166666667 0.7920674773847816
before_disc_percentage: 0.014768687061280192 0.0862625 0.1577563129387199
after_accuracy: 0.6905352455811715 0.741666666667 0.7927980877521619
after_disc_percentage: -0.013571803391849317 0.0423216666667 0.09821513672518267
distance: 0.35031070326015157 2.19522474434 4.040138785412981
