-1148.222221119373 76370.5 153889.2222211194
before_accuracy: 0.694265855948552 0.743166666667 0.7920674773847816
before_disc_percentage: 0.014768687061280192 0.0862625 0.1577563129387199
after_accuracy: 0.6808754999043769 0.737666666667 0.7944578334289567
after_disc_percentage: -0.03450537404554602 0.03473 0.10396537404554601
distance: 6.528193378122649 7.33271702146 8.137240664790019
