53790.89322042745 99194.2666667 144597.64011290588
before_accuracy: 0.6976389111111146 0.764333333333 0.8310277555555518
before_disc_percentage: 0.05862945640889837 0.088045 0.11746054359110163
after_accuracy: 0.7064716213046424 0.768166666667 0.8298617120286907
after_disc_percentage: 0.021374027558276255 0.0489575 0.07654097244172375
distance: 6.916247278772063 7.2736108542 7.630974429637271
