53790.89322042745 99194.2666667 144597.64011290588
before_accuracy: 0.6976389111111146 0.764333333333 0.8310277555555518
before_disc_percentage: 0.05862945640889837 0.088045 0.11746054359110163
after_accuracy: 0.7020737569609704 0.766333333333 0.8305929097056964
after_disc_percentage: 0.0214792701659581 0.0495941666667 0.07770906316737526
distance: 6.255504910128661 6.77552145224 7.2955379943440075
