53790.89322042745 99194.2666667 144597.64011290588
before_accuracy: 0.6976389111111146 0.764333333333 0.8310277555555518
before_disc_percentage: 0.05862945640889837 0.088045 0.11746054359110163
after_accuracy: 0.7052533499302198 0.764166666667 0.8230799834031133
after_disc_percentage: 0.02433240518567146 0.0502058333333 0.07607926148099523
distance: 6.577658066789418 7.03013077697 7.482603487141915
