disc_num_Data: 12420.764126792099 128897.566667 245374.36920654122
before_accuracy_Data: 0.8900884919411141 0.896015334144 0.9019421763475524
before_fairness_Data: 0.027722278870467548 0.0974883333333 0.1672543877961991
after_accuracy_Data: 0.8878584393076837 0.894581444211 0.9013044491143162
after_fairness_Data: -0.016872379848088048 0.023275 0.06342237984808805
