disc_num_Data: 26036.978682175544 42886.4 59735.82131782446
before_accuracy_Data: 0.8088044596929932 0.818557756282 0.8283110528715399
before_fairness_Data: 0.015849303288830788 0.0203208333333 0.02479236337783587
after_accuracy_Data: 0.8086937271919779 0.818404217207 0.8281147072210886
after_fairness_Data: 0.008275307337569576 0.011555 0.014834692662430433
