84352.58023064694 328354.866667 572357.1531026864
before_accuracy: 0.827848512181046 0.838451302523 0.8490540928651534
before_disc_percentage: 0.0858195320045966 0.265074166667 0.44432880132873676
after_accuracy: 0.8219015671359753 0.831455038641 0.8410085101451579
after_disc_percentage: -0.010135834138380463 0.0520558333333 0.11424750080504711
distance: 6.691382470524057 7.96534532116 9.239308171794605
