disc_num_Data: 71829.74764811486 135365.9 198902.05235188513
before_accuracy_Data: 0.8847055290141227 0.889258726824 0.8938119246332775
before_fairness_Data: 0.00453574505837428 0.00692 0.00930425494162572
after_accuracy_Data: 0.884786300407286 0.889181318884 0.8935763373604475
after_fairness_Data: 0.016486661603841914 0.0328591666667 0.04923167172949142
