disc_num_Data: 23701.2897207689 44652.4666667 65603.64361256444
before_accuracy_Data: 0.8069666796858299 0.81850657659 0.8300464734949702
before_fairness_Data: 0.004576944854722277 0.0061325 0.007688055145277725
after_accuracy_Data: 0.807019434727054 0.818537284405 0.8300551340838794
after_fairness_Data: 0.007254595282441857 0.01868 0.030105404717558154
