disc_num_Data: 92965.27882631103 126489.1 160012.92117368898
before_accuracy_Data: 0.8091604560623926 0.818306975792 0.8274534955216739
before_fairness_Data: 0.0012433843075308818 0.00166666666667 0.002089949025802451
after_accuracy_Data: 0.8088492523181671 0.818204616408 0.8275599804982329
after_fairness_Data: 0.0008752870640371108 0.00143166666667 0.001988046269296222
