disc_num_Data: 83.24091961180466 4070.06666667 8056.892413721529
before_accuracy_Data: 0.6579526294577097 0.716833333333 0.7757140372089572
before_fairness_Data: 0.000608215353959581 0.0014575 0.002306784646040419
after_accuracy_Data: 0.6534841607939205 0.716333333333 0.7791825058727463
after_fairness_Data: 0.00043905809501242304 0.00140166666667 0.0023642752383209098
