disc_num_Data: 87167.37560726283 509080.7 930994.0243927372
before_accuracy_Data: 0.8259226075594813 0.834141972465 0.8423613373711186
before_fairness_Data: 0.0025353523257017913 0.01777 0.03300464767429822
after_accuracy_Data: 0.8240773807528309 0.833338451303 0.8425995218522359
after_fairness_Data: 0.01162306883610911 0.037935 0.06424693116389091
