disc_num_Data: 71829.74764811486 135365.9 198902.05235188513
before_accuracy_Data: 0.8847055290141227 0.889258726824 0.8938119246332775
before_fairness_Data: 0.00453574505837428 0.00692 0.00930425494162572
after_accuracy_Data: 0.884055767921358 0.888665265952 0.8932747639818416
after_fairness_Data: 0.0014542376240465216 0.00216416666667 0.0028740957092868117
