disc_num_Data: -29368.724569752347 66020.0333333 161408.79123641903
before_accuracy_Data: 0.829034207442191 0.839541429961 0.8500486524789423
before_fairness_Data: -0.02645812594619716 0.0551741666667 0.1368064592795305
after_accuracy_Data: 0.8233726586737727 0.833712063053 0.8440514674328273
after_fairness_Data: -0.03195315487744371 0.0181241666667 0.06820148821077705
