disc_num_Data: 75998.50146830094 229920.0 383841.49853169906
before_accuracy_Data: 0.8209421291792166 0.832197144173 0.8434521591671834
before_fairness_Data: -0.030104103492271717 0.09511 0.22032410349227172
after_accuracy_Data: 0.8218899200490682 0.831982189467 0.8420744588854651
after_fairness_Data: 0.0002783301877531813 0.0730541666667 0.14583000314558014
