disc_num_Data: 71829.74764811486 135365.9 198902.05235188513
before_accuracy_Data: 0.8847055290141227 0.889258726824 0.8938119246332775
before_fairness_Data: 0.00453574505837428 0.00692 0.00930425494162572
after_accuracy_Data: 0.8842730180651514 0.889022816912 0.893772615758382
after_fairness_Data: 0.002429675277985418 0.00506083333333 0.007691991388681247
