disc_num_Data: 268737.64242910466 442564.033333 616390.424237562
before_accuracy_Data: 0.8892177336963983 0.897519259833 0.9058207859689346
before_fairness_Data: 0.034593605734768135 0.0492225 0.06385139426523184
after_accuracy_Data: 0.8885269164757728 0.8961332891 0.9037396617246274
after_fairness_Data: 0.020054039163916022 0.0287125 0.03737096083608397
