disc_num_Data: 92965.27882631103 126489.1 160012.92117368898
before_accuracy_Data: 0.8091604560623926 0.818306975792 0.8274534955216739
before_fairness_Data: 0.0012433843075308818 0.00166666666667 0.002089949025802451
after_accuracy_Data: 0.8090202583011956 0.818409335176 0.827798412050538
after_fairness_Data: 0.00035415930489047126 0.000626666666667 0.000899174028442862
