disc_num_Data: -22344.83114647092 59501.12 141347.07114647093
before_accuracy_Data: 0.8276070738358482 0.838992783663 0.8503784934911122
before_fairness_Data: -0.012096799758127219 0.047733 0.10756279975812721
after_accuracy_Data: 0.8266892938025369 0.837813603562 0.8489379133217033
after_fairness_Data: -0.02343531869943391 0.020524 0.06448331869943391
