disc_num_Data: -17363.697103272192 90054.8 197473.2971032722
before_accuracy_Data: 0.66398777013134 0.7385 0.8130122298686596
before_fairness_Data: 0.004441841680401903 0.0951883333333 0.18593482498626476
after_accuracy_Data: 0.6725228569971652 0.731666666667 0.7908104763361682
after_fairness_Data: 0.013461484206190616 0.0888233333333 0.16418518246047603
