-313.4652438204348 5418.36666667 11150.19857715377
before_accuracy: 0.6506267061991053 0.715833333333 0.7810399604675611
before_disc_percentage: 0.0007563658731850154 0.00169666666667 0.0026369674601483175
after_accuracy: 0.6466904302269297 0.706 0.7653095697730697
after_disc_percentage: 6.935904437463023e-05 0.000799166666667 0.001528974288958703
distance: 4.5068722877418645 6.04196456058 7.5770568334121355
