-313.4652438204348 5418.36666667 11150.19857715377
before_accuracy: 0.6506267061991053 0.715833333333 0.7810399604675611
before_disc_percentage: 0.0007563658731850154 0.00169666666667 0.0026369674601483175
after_accuracy: 0.6471451672829237 0.706666666667 0.7661881660504092
after_disc_percentage: 0.00026086269798428793 0.00086 0.0014591373020157122
distance: 3.7189606765069656 5.77492125969 7.830881842882366
