-1148.222221119373 76370.5 153889.2222211194
before_accuracy: 0.694265855948552 0.743166666667 0.7920674773847816
before_disc_percentage: 0.014768687061280192 0.0862625 0.1577563129387199
after_accuracy: 0.6817274440923208 0.737666666667 0.7936058892410128
after_disc_percentage: -0.02955095151108357 0.0263091666667 0.0821692848444169
distance: 6.917660015745271 7.66296013376 8.408260251773394
