-1148.222221119373 76370.5 153889.2222211194
before_accuracy: 0.694265855948552 0.743166666667 0.7920674773847816
before_disc_percentage: 0.014768687061280192 0.0862625 0.1577563129387199
after_accuracy: 0.6846549763626154 0.735833333333 0.787011690304051
after_disc_percentage: -0.025071109605450177 0.0301675 0.0854061096054502
distance: 6.031834483111241 7.03186821244 8.031901941767426
