-1148.222221119373 76370.5 153889.2222211194
before_accuracy: 0.694265855948552 0.743166666667 0.7920674773847816
before_disc_percentage: 0.014768687061280192 0.0862625 0.1577563129387199
after_accuracy: 0.6794683339530226 0.7355 0.7915316660469774
after_disc_percentage: -0.0120809645720684 0.0249441666667 0.06196929790540174
distance: 4.294713997653791 6.08329407897 7.871874160293541
