disc_num_Data: 12420.764126792099 128897.566667 245374.36920654122
before_accuracy_Data: 0.8900884919411141 0.896015334144 0.9019421763475524
before_fairness_Data: 0.027722278870467548 0.0974883333333 0.1672543877961991
after_accuracy_Data: 0.8889670658494891 0.894647793874 0.9003285218979776
after_fairness_Data: -0.021821331138870567 0.0106533333333 0.043127997805537235
