disc_num_Data: 65312.71040302563 111464.133333 157615.55626364105
before_accuracy_Data: 0.8221251787881532 0.834315983418 0.8465067880472468
before_fairness_Data: 0.0006440939787415011 0.00880416666667 0.016964239354591827
after_accuracy_Data: 0.8214190639874006 0.832780592661 0.8441421213342661
after_fairness_Data: 0.010139417344835616 0.0306933333333 0.051247249321831057
