disc_num_Data: 26036.978682175544 42886.4 59735.82131782446
before_accuracy_Data: 0.8088044596929932 0.818557756282 0.8283110528715399
before_fairness_Data: 0.015849303288830788 0.0203208333333 0.02479236337783587
after_accuracy_Data: 0.8088088002631838 0.818434925022 0.8280610497804827
after_fairness_Data: 0.016664908585960037 0.0196833333333 0.02270175808070663
