21002.804030347732 141346.266667 261689.7293029856
before_accuracy: 0.7074234021151093 0.760166666667 0.812909931218224
before_disc_percentage: 0.042081399133570715 0.112341666667 0.18260193419976267
after_accuracy: 0.6927922120758966 0.759166666667 0.8255411212574372
after_disc_percentage: 0.019378617118581194 0.0687466666667 0.11811471621475214
distance: 7.385467917474272 7.68399430568 7.9825206938803985
