21002.804030347732 141346.266667 261689.7293029856
before_accuracy: 0.7074234021151093 0.760166666667 0.812909931218224
before_disc_percentage: 0.042081399133570715 0.112341666667 0.18260193419976267
after_accuracy: 0.6949351732446029 0.756 0.8170648267553972
after_disc_percentage: 0.02280322900502125 0.064935 0.10706677099497877
distance: 6.597430969036051 7.24182662243 7.8862222758246165
