21002.804030347732 141346.266667 261689.7293029856
before_accuracy: 0.7074234021151093 0.760166666667 0.812909931218224
before_disc_percentage: 0.042081399133570715 0.112341666667 0.18260193419976267
after_accuracy: 0.6940252870315793 0.757166666667 0.820308046301754
after_disc_percentage: 0.02920110520306724 0.0668608333333 0.10452056146359945
distance: 7.589768647347101 7.80981150126 8.029854355174237
