disc_num_Data: 638.3104733880973 27423.8333333 54209.35619327857
before_accuracy_Data: 0.6536637575105168 0.712666666667 0.7716695758228166
before_fairness_Data: 0.007770422756475713 0.0190708333333 0.03037124391019095
after_accuracy_Data: 0.6506412730022373 0.713833333333 0.7770253936644294
after_fairness_Data: 0.00011133070868550934 0.027845 0.055578669291314484
