87733.1038805694 241223.566667 394714.02945276396
before_accuracy: 0.8211891390134655 0.833650647423 0.8461121558327348
before_disc_percentage: -0.048849935105926626 0.10372 0.2562899351059266
after_accuracy: 0.8239243151001812 0.834336455295 0.8447485954888851
after_disc_percentage: -0.030767775554620888 0.0718658333333 0.17449944222128755
distance: 3.3869574207144804 3.6793719319 3.9717864430921863
