87733.1038805694 241223.566667 394714.02945276396
before_accuracy: 0.8211891390134655 0.833650647423 0.8461121558327348
before_disc_percentage: -0.048849935105926626 0.10372 0.2562899351059266
after_accuracy: 0.8232592563126743 0.834740774861 0.8462222934085256
after_disc_percentage: -0.027659526680126306 0.064565 0.15678952668012633
distance: 3.663723720976625 4.31519730859 4.966670896208042
