87733.1038805694 241223.566667 394714.02945276396
before_accuracy: 0.8211891390134655 0.833650647423 0.8461121558327348
before_disc_percentage: -0.048849935105926626 0.10372 0.2562899351059266
after_accuracy: 0.8251339445986949 0.834500230309 0.8438665160184384
after_disc_percentage: 0.012906309715049247 0.0722275 0.1315486902849507
distance: 3.0135957882094737 3.46677071731 3.919945646401859
