-313.4652438204348 5418.36666667 11150.19857715377
before_accuracy: 0.6506267061991053 0.715833333333 0.7810399604675611
before_disc_percentage: 0.0007563658731850154 0.00169666666667 0.0026369674601483175
after_accuracy: 0.643436901065009 0.707833333333 0.7722297656016577
after_disc_percentage: 0.000249485899214078 0.000978333333333 0.0017071807674525889
distance: 1.8897477333061818 4.20749480292 6.525241872531149
