-313.4652438204348 5418.36666667 11150.19857715377
before_accuracy: 0.6506267061991053 0.715833333333 0.7810399604675611
before_disc_percentage: 0.0007563658731850154 0.00169666666667 0.0026369674601483175
after_accuracy: 0.6472088474957274 0.705666666667 0.7641244858376057
after_disc_percentage: 0.00023379961302947628 0.000790833333333 0.0013478670536371902
distance: 5.175435010856103 6.46050117266 7.745567334461897
