-313.4652438204348 5418.36666667 11150.19857715377
before_accuracy: 0.6506267061991053 0.715833333333 0.7810399604675611
before_disc_percentage: 0.0007563658731850154 0.00169666666667 0.0026369674601483175
after_accuracy: 0.6492094503645256 0.706166666667 0.7631238829688078
after_disc_percentage: 0.00025071764376571794 0.00065 0.0010492823562342818
distance: 5.9620520598469025 6.95483663768 7.947621215509095
