disc_num_Data: 268737.64242910466 442564.033333 616390.424237562
before_accuracy_Data: 0.8892177336963983 0.897519259833 0.9058207859689346
before_fairness_Data: 0.034593605734768135 0.0492225 0.06385139426523184
after_accuracy_Data: 0.8907621794807566 0.896313907627 0.9018656357724434
after_fairness_Data: 0.00882469800740919 0.0783391666667 0.1478536353259241
