disc_num_Data: 46525.726653046906 114291.966667 182058.2066802864
before_accuracy_Data: 0.7118270843668177 0.765666666667 0.8195062489665159
before_fairness_Data: 0.06029987498695563 0.0956466666667 0.13099345834637768
after_accuracy_Data: 0.707751620423262 0.764666666667 0.8215817129100714
after_fairness_Data: 0.059279995576414536 0.115566666667 0.17185333775691877
