disc_num_Data: 638.3104733880973 27423.8333333 54209.35619327857
before_accuracy_Data: 0.6536637575105168 0.712666666667 0.7716695758228166
before_fairness_Data: 0.007770422756475713 0.0190708333333 0.03037124391019095
after_accuracy_Data: 0.6597671050298285 0.717 0.7742328949701712
after_fairness_Data: 0.021011908195182172 0.0859666666667 0.15092142513815116
