disc_num_Data: 22521.774851889524 183486.833333 344451.89181477716
before_accuracy_Data: 0.6908919932065958 0.748333333333 0.805774673460071
before_fairness_Data: 0.0697707078015608 0.1763325 0.28289429219843915
after_accuracy_Data: 0.6868993408411436 0.743166666667 0.7994339924921895
after_fairness_Data: 0.08126225180123112 0.249385 0.417507748198769
