-59352.817817093266 116016.433333 291385.6844837599
before_accuracy: 0.8259558992210174 0.839541429961 0.8531269607002494
before_disc_percentage: -0.03932101817685631 0.0940116666667 0.2273443515101896
after_accuracy: 0.8198019957355924 0.833435692717 0.8470693896986072
after_disc_percentage: -0.04214027226561965 0.0282808333333 0.09870193893228632
distance: 2.4989699464768065 3.43620199574 4.373434045011862
