-59352.817817093266 116016.433333 291385.6844837599
before_accuracy: 0.8259558992210174 0.839541429961 0.8531269607002494
before_disc_percentage: -0.03932101817685631 0.0940116666667 0.2273443515101896
after_accuracy: 0.8214347238160423 0.834167562311 0.846900400806624
after_disc_percentage: -0.024613921993380618 0.013815 0.05224392199338062
distance: 2.5075801125267634 5.49232794464 8.477075776747236
