-59352.817817093266 116016.433333 291385.6844837599
before_accuracy: 0.8259558992210174 0.839541429961 0.8531269607002494
before_disc_percentage: -0.03932101817685631 0.0940116666667 0.2273443515101896
after_accuracy: 0.8198677913846268 0.834515584216 0.8491633770475728
after_disc_percentage: -0.01281906263893734 0.009755 0.032329062638937346
distance: 4.056338843287643 6.75543529242 9.454531741559022
