-10081.620457951984 115155.533333 240392.68712461868
before_accuracy: 0.8919639015099509 0.896214383132 0.9004648647550485
before_disc_percentage: 0.010858493867624427 0.0883516666667 0.16584483946570894
after_accuracy: 0.8898025571076171 0.894758376645 0.8997141961823161
after_disc_percentage: -0.005362700695951107 0.003625 0.012612700695951107
distance: 5.3729234534076715 5.68045533945 5.987987225500327
