-10081.620457951984 115155.533333 240392.68712461868
before_accuracy: 0.8919639015099509 0.896214383132 0.9004648647550485
before_disc_percentage: 0.010858493867624427 0.0883516666667 0.16584483946570894
after_accuracy: 0.8888630655379779 0.894669910428 0.9004767553179551
after_disc_percentage: -0.006717111820481622 0.00628833333333 0.019293778487148288
distance: 4.915106011645749 5.37262064717 5.830135282699587
