53790.89322042745 99194.2666667 144597.64011290588
before_accuracy: 0.6976389111111146 0.764333333333 0.8310277555555518
before_disc_percentage: 0.05862945640889837 0.088045 0.11746054359110163
after_accuracy: 0.6998887743344684 0.7655 0.831111225665532
after_disc_percentage: 0.025758116425610246 0.0502308333333 0.07470355024105643
distance: 7.89862070713242 8.13002580309 8.361430899044247
