53790.89322042745 99194.2666667 144597.64011290588
before_accuracy: 0.6976389111111146 0.764333333333 0.8310277555555518
before_disc_percentage: 0.05862945640889837 0.088045 0.11746054359110163
after_accuracy: 0.7055986847400009 0.764666666667 0.8237346485933321
after_disc_percentage: 0.02044068517359957 0.0502308333333 0.0800209814930671
distance: 7.359139069703172 7.59605460481 7.832970139924829
