53790.89322042745 99194.2666667 144597.64011290588
before_accuracy: 0.6976389111111146 0.764333333333 0.8310277555555518
before_disc_percentage: 0.05862945640889837 0.088045 0.11746054359110163
after_accuracy: 0.7005131469870178 0.762166666667 0.8238201863463164
after_disc_percentage: 0.027461844803232553 0.0540933333333 0.0807248218634341
distance: 5.385117315335027 6.10927586018 6.833434405022977
