53790.89322042745 99194.2666667 144597.64011290588
before_accuracy: 0.6976389111111146 0.764333333333 0.8310277555555518
before_disc_percentage: 0.05862945640889837 0.088045 0.11746054359110163
after_accuracy: 0.7039961413918787 0.762833333333 0.8216705252747878
after_disc_percentage: 0.03167460039724909 0.0639241666667 0.09617373293608422
distance: 1.4355915106791082 2.78981351923 4.144035527776225
