disc_num_Data: 268737.64242910466 442564.033333 616390.424237562
before_accuracy_Data: 0.8892177336963983 0.897519259833 0.9058207859689346
before_fairness_Data: 0.034593605734768135 0.0492225 0.06385139426523184
after_accuracy_Data: 0.8894129527467836 0.896874193667 0.90433543458795
after_fairness_Data: 0.017627077406638176 0.0352383333333 0.0528495892600285
