disc_num_Data: -22344.83114647092 59501.12 141347.07114647093
before_accuracy_Data: 0.8276070738358482 0.838992783663 0.8503784934911122
before_fairness_Data: -0.012096799758127219 0.047733 0.10756279975812721
after_accuracy_Data: 0.8277778564173166 0.837537233226 0.8472966100342036
after_fairness_Data: -0.020636225590176242 0.040669 0.10197422559017624
