disc_num_Data: 65312.71040302563 111464.133333 157615.55626364105
before_accuracy_Data: 0.8221251787881532 0.834315983418 0.8465067880472468
before_fairness_Data: 0.0006440939787415011 0.00880416666667 0.016964239354591827
after_accuracy_Data: 0.8178355872325924 0.83246839654 0.847101205847874
after_fairness_Data: 0.0008277939582832048 0.00891416666667 0.017000539375050132
