-77510.9404785553 65068.5 207647.9404785553
before_accuracy: 0.8239950233234126 0.837606837607 0.8512186518902538
before_disc_percentage: -0.05557493782576869 0.0500683333333 0.15571160449243535
after_accuracy: 0.8203379000201223 0.830451916679 0.8405659333388111
after_disc_percentage: -0.022342405295931917 0.0165608333333 0.05546407196259859
distance: -1.055684245795021 1.33877361679 3.733231479380021
