-77510.9404785553 65068.5 207647.9404785553
before_accuracy: 0.8239950233234126 0.837606837607 0.8512186518902538
before_disc_percentage: -0.05557493782576869 0.0500683333333 0.15571160449243535
after_accuracy: 0.8157438607847909 0.831147960489 0.8465520601937429
after_disc_percentage: -0.012167512545172706 0.00818166666667 0.028530845878506045
distance: -0.5342826778954604 2.52420542301 5.5826935239087945
