-77510.9404785553 65068.5 207647.9404785553
before_accuracy: 0.8239950233234126 0.837606837607 0.8512186518902538
before_disc_percentage: -0.05557493782576869 0.0500683333333 0.15571160449243535
after_accuracy: 0.8186509583302919 0.831301499565 0.8439520407997745
after_disc_percentage: -0.008775469573250594 0.00498333333333 0.018742136239917256
distance: 0.3743011488857979 4.43331336818 8.492325587479538
