disc_num_Data: 71829.74764811486 135365.9 198902.05235188513
before_accuracy_Data: 0.8847055290141227 0.889258726824 0.8938119246332775
before_fairness_Data: 0.00453574505837428 0.00692 0.00930425494162572
after_accuracy_Data: 0.8847662402639319 0.889314018209 0.8938617961546017
after_fairness_Data: 0.04181433821498421 0.087395 0.13297566178501583
