disc_num_Data: 87167.37560726283 509080.7 930994.0243927372
before_accuracy_Data: 0.8259226075594813 0.834141972465 0.8423613373711186
before_fairness_Data: 0.0025353523257017913 0.01777 0.03300464767429822
after_accuracy_Data: 0.8263857054001524 0.83379906853 0.8412124316591136
after_fairness_Data: 0.055612140710402214 0.178919166667 0.3022261926229312
