disc_num_Data: 35170.33556472749 322677.433333 610184.5311019393
before_accuracy_Data: 0.826480479102572 0.83764778136 0.8488150836180278
before_fairness_Data: 0.024214397878073807 0.246720833333 0.4692272687885928
after_accuracy_Data: 0.826078532136879 0.837320231332 0.8485619305275877
after_fairness_Data: 0.12082895716133019 0.601329166667 1.0818293761720033
