disc_num_Data: 92965.27882631103 126489.1 160012.92117368898
before_accuracy_Data: 0.8091604560623926 0.818306975792 0.8274534955216739
before_fairness_Data: 0.0012433843075308818 0.00166666666667 0.002089949025802451
after_accuracy_Data: 0.8086685370359762 0.818025487487 0.8273824379370903
after_fairness_Data: 0.00240157539219065 0.00672 0.01103842460780935
