74715.70571899571 124534.633333 174353.56094767095
before_accuracy: 0.8843922858372589 0.889078108297 0.8937639307574751
before_disc_percentage: 0.004603169173065344 0.00673083333333 0.008858497493601321
after_accuracy: 0.8840570123860576 0.888868001032 0.8936789896782757
after_disc_percentage: 0.002562260001116163 0.00397583333333 0.005389406665550505
distance: 3.9757625851200347 4.61155960992 5.247356634717964
