74715.70571899571 124534.633333 174353.56094767095
before_accuracy: 0.8843922858372589 0.889078108297 0.8937639307574751
before_disc_percentage: 0.004603169173065344 0.00673083333333 0.008858497493601321
after_accuracy: 0.883752267148776 0.888820081831 0.8938878965137577
after_disc_percentage: 0.001700483985606493 0.00274916666667 0.003797849347726842
distance: 5.414557346984644 5.59921053538 5.783863723767354
