disc_num_Data: 268737.64242910466 442564.033333 616390.424237562
before_accuracy_Data: 0.8892177336963983 0.897519259833 0.9058207859689346
before_fairness_Data: 0.034593605734768135 0.0492225 0.06385139426523184
after_accuracy_Data: 0.8882679951683904 0.895584061337 0.9029001275047431
after_fairness_Data: 0.00076864515313981 0.00548083333333 0.010193021513526856
