disc_num_Data: 87167.37560726283 509080.7 930994.0243927372
before_accuracy_Data: 0.8259226075594813 0.834141972465 0.8423613373711186
before_fairness_Data: 0.0025353523257017913 0.01777 0.03300464767429822
after_accuracy_Data: 0.8241934897183159 0.832749884846 0.8413062799730839
after_fairness_Data: 0.0073308817689652535 0.0336541666667 0.059977451564368095
