disc_num_Data: 35170.33556472749 322677.433333 610184.5311019393
before_accuracy_Data: 0.826480479102572 0.83764778136 0.8488150836180278
before_fairness_Data: 0.024214397878073807 0.246720833333 0.4692272687885928
after_accuracy_Data: 0.8193407658872013 0.82987870413 0.840416642373132
after_fairness_Data: -0.02790030676862693 0.0123733333333 0.052646973435293606
