22793.452257858415 166751.433333 310709.4144088082
before_accuracy: 0.688973613080881 0.736 0.7830263869191187
before_disc_percentage: 0.04807766150866835 0.166081666667 0.28408567182466493
after_accuracy: 0.6676563832450484 0.7295 0.7913436167549517
after_disc_percentage: 0.013375879898302884 0.102021666667 0.19066745343503047
distance: 7.508124323885747 7.88191591528 8.255707506678919
