22793.452257858415 166751.433333 310709.4144088082
before_accuracy: 0.688973613080881 0.736 0.7830263869191187
before_disc_percentage: 0.04807766150866835 0.166081666667 0.28408567182466493
after_accuracy: 0.6734460065075245 0.730166666667 0.7868873268258088
after_disc_percentage: 0.012343953853889159 0.0988433333333 0.18534271281277753
distance: 7.211021973625946 7.63372339166 8.056424809691388
