22793.452257858415 166751.433333 310709.4144088082
before_accuracy: 0.688973613080881 0.736 0.7830263869191187
before_disc_percentage: 0.04807766150866835 0.166081666667 0.28408567182466493
after_accuracy: 0.6783103445415162 0.729666666667 0.7810229887918172
after_disc_percentage: 0.012113523379208138 0.109461666667 0.20680980995412512
distance: 5.513747730829194 6.31189514077 7.110042550703473
