93867.75796374821 130735.866667 167603.97536958513
before_accuracy: 0.8092687154844926 0.817958953887 0.8266491922896404
before_disc_percentage: 0.001261869496056006 0.00171583333333 0.0021697971706106604
after_accuracy: 0.8091596460707449 0.817928246072 0.8266968460731885
after_disc_percentage: 0.000380139161486368 0.0006825 0.0009848608385136322
distance: 3.2272129227177917 3.34747107665 3.467729230591541
