2354.9421821611686 31399.9 60444.857817838834
before_accuracy: 0.6568642269694533 0.713666666667 0.77046910636388
before_disc_percentage: 0.009454487772521496 0.0218416666667 0.034228845560811835
after_accuracy: 0.6573928036585255 0.7155 0.7736071963414746
after_disc_percentage: 0.0063414409201835685 0.0166475 0.02695355907981643
distance: 0.277815330794392 1.24948590508 2.2211564793633407
