2354.9421821611686 31399.9 60444.857817838834
before_accuracy: 0.6568642269694533 0.713666666667 0.77046910636388
before_disc_percentage: 0.009454487772521496 0.0218416666667 0.034228845560811835
after_accuracy: 0.6619542332849053 0.717833333333 0.7737124333817613
after_disc_percentage: 0.005555346185504454 0.0126583333333 0.01976132048116221
distance: 5.864656965307955 6.8018989023 7.739140839284707
