disc_num_Data: 71829.74764811486 135365.9 198902.05235188513
before_accuracy_Data: 0.8847055290141227 0.889258726824 0.8938119246332775
before_fairness_Data: 0.00453574505837428 0.00692 0.00930425494162572
after_accuracy_Data: 0.8846721280074564 0.889052305651 0.8934324832940771
after_fairness_Data: 0.00825549643671855 0.0121041666667 0.01595283689661478
