-77510.9404785553 65068.5 207647.9404785553
before_accuracy: 0.8239950233234126 0.837606837607 0.8512186518902538
before_disc_percentage: -0.05557493782576869 0.0500683333333 0.15571160449243535
after_accuracy: 0.8176525429362896 0.830088540867 0.8425245387977106
after_disc_percentage: -0.01198121361150791 0.00729333333333 0.026567880278174576
distance: -0.11819838443403485 3.71837480454 7.554947993512501
