-77510.9404785553 65068.5 207647.9404785553
before_accuracy: 0.8239950233234126 0.837606837607 0.8512186518902538
before_disc_percentage: -0.05557493782576869 0.0500683333333 0.15571160449243535
after_accuracy: 0.8202323118972522 0.831925891806 0.8436194717148809
after_disc_percentage: -0.02609136178711694 0.00700333333333 0.04009802845378361
distance: 0.8568657303813376 3.64272187939 6.4285780284053295
