-77510.9404785553 65068.5 207647.9404785553
before_accuracy: 0.8239950233234126 0.837606837607 0.8512186518902538
before_disc_percentage: -0.05557493782576869 0.0500683333333 0.15571160449243535
after_accuracy: 0.8159557446054331 0.830615691694 0.845275638781634
after_disc_percentage: -0.017899142301938977 0.00815 0.034199142301938976
distance: 3.6998337729373896 7.42337002387 11.14690627479261
