-77510.9404785553 65068.5 207647.9404785553
before_accuracy: 0.8239950233234126 0.837606837607 0.8512186518902538
before_disc_percentage: -0.05557493782576869 0.0500683333333 0.15571160449243535
after_accuracy: 0.8145648101669118 0.830984185475 0.8474035607834216
after_disc_percentage: -0.02503056140522396 0.010335 0.045700561405223966
distance: -1.0169389888673033 2.15377297064 5.324484930143304
