87733.1038805694 241223.566667 394714.02945276396
before_accuracy: 0.8211891390134655 0.833650647423 0.8461121558327348
before_disc_percentage: -0.048849935105926626 0.10372 0.2562899351059266
after_accuracy: 0.8236032288326818 0.834162444342 0.8447216598515179
after_disc_percentage: -0.007021625882080398 0.0631791666667 0.13337995921541373
distance: 3.919313127884792 4.06302664706 4.2067401662432085
