87733.1038805694 241223.566667 394714.02945276396
before_accuracy: 0.8211891390134655 0.833650647423 0.8461121558327348
before_disc_percentage: -0.048849935105926626 0.10372 0.2562899351059266
after_accuracy: 0.8243254494617817 0.835160448334 0.8459954472062842
after_disc_percentage: 0.0014514970441526498 0.0561658333333 0.11088016962251403
distance: 3.946615466868625 5.66494146867 7.383267470462712
