87733.1038805694 241223.566667 394714.02945276396
before_accuracy: 0.8211891390134655 0.833650647423 0.8461121558327348
before_disc_percentage: -0.048849935105926626 0.10372 0.2562899351059266
after_accuracy: 0.8223516254707172 0.834520702185 0.8466897789000166
after_disc_percentage: -0.009851656228493821 0.0587616666667 0.1273749895618272
distance: 4.001240830176999 4.13892467551 4.276608520844333
