87733.1038805694 241223.566667 394714.02945276396
before_accuracy: 0.8211891390134655 0.833650647423 0.8461121558327348
before_disc_percentage: -0.048849935105926626 0.10372 0.2562899351059266
after_accuracy: 0.8217946882547219 0.834802190491 0.8478096927270781
after_disc_percentage: -0.011960534799931602 0.0628308333333 0.13762220146659826
distance: 3.2920214441562843 4.81834698547 6.34467252677505
