93867.75796374821 130735.866667 167603.97536958513
before_accuracy: 0.8092687154844926 0.817958953887 0.8266491922896404
before_disc_percentage: 0.001261869496056006 0.00171583333333 0.0021697971706106604
after_accuracy: 0.8091170208280366 0.817871948411 0.8266268759937633
after_disc_percentage: 0.00038846603841644165 0.00082 0.0012515339615835584
distance: 3.0429655424687923 3.19424209811 3.345518653748541
