93867.75796374821 130735.866667 167603.97536958513
before_accuracy: 0.8092687154844926 0.817958953887 0.8266491922896404
before_disc_percentage: 0.001261869496056006 0.00171583333333 0.0021697971706106604
after_accuracy: 0.8093570068943673 0.817923128103 0.8264892493111659
after_disc_percentage: 0.00038302186417400177 0.000893333333333 0.001403644802492665
distance: 2.835266524462645 3.04350904011 3.25175155574869
