53790.89322042745 99194.2666667 144597.64011290588
before_accuracy: 0.6976389111111146 0.764333333333 0.8310277555555518
before_disc_percentage: 0.05862945640889837 0.088045 0.11746054359110163
after_accuracy: 0.7028733666877414 0.766166666667 0.829459966645592
after_disc_percentage: 0.02190443345395695 0.0485391666667 0.0751738998793764
distance: 7.213762282528248 7.48896456933 7.764166856124423
