23640.19164476914 49835.1333333 76030.07502189753
before_accuracy: 0.809571940903317 0.818644761759 0.8277175826138162
before_disc_percentage: 0.004951892939101657 0.0064425 0.007933107060898345
after_accuracy: 0.8094375234254036 0.818660115666 0.8278827079067301
after_disc_percentage: 0.0029999643641075774 0.0043475 0.005695035635892426
distance: 3.4535521998075147 4.06257141906 4.671590638322485
