23640.19164476914 49835.1333333 76030.07502189753
before_accuracy: 0.809571940903317 0.818644761759 0.8277175826138162
before_disc_percentage: 0.004951892939101657 0.0064425 0.007933107060898345
after_accuracy: 0.8098314795070003 0.81850657659 0.8271816736737994
after_disc_percentage: 0.003966654801080367 0.00547166666667 0.0069766785322529674
distance: 1.4172931050068953 2.37211511654 3.326937128081104
