disc_num_Data: 35170.33556472749 322677.433333 610184.5311019393
before_accuracy_Data: 0.826480479102572 0.83764778136 0.8488150836180278
before_fairness_Data: 0.024214397878073807 0.246720833333 0.4692272687885928
after_accuracy_Data: 0.8242387398471236 0.834295511541 0.8443522832348764
after_fairness_Data: -0.014870198358689246 0.160874166667 0.33661853169202266
