disc_num_Data: 46525.726653046906 114291.966667 182058.2066802864
before_accuracy_Data: 0.7118270843668177 0.765666666667 0.8195062489665159
before_fairness_Data: 0.06029987498695563 0.0956466666667 0.13099345834637768
after_accuracy_Data: 0.7044137478591679 0.760166666667 0.8159195854741657
after_fairness_Data: 0.07901036648520485 0.112696666667 0.14638296684812852
