84352.58023064694 328354.866667 572357.1531026864
before_accuracy: 0.827848512181046 0.838451302523 0.8490540928651534
before_disc_percentage: 0.0858195320045966 0.265074166667 0.44432880132873676
after_accuracy: 0.8200681603753537 0.831669993347 0.8432718263181125
after_disc_percentage: -0.023334062161958602 0.05609 0.13551406216195863
distance: 5.93947391405588 7.26742052381 8.595367133554783
