84352.58023064694 328354.866667 572357.1531026864
before_accuracy: 0.827848512181046 0.838451302523 0.8490540928651534
before_disc_percentage: 0.0858195320045966 0.265074166667 0.44432880132873676
after_accuracy: 0.8205216641476013 0.829622805671 0.8387239471938649
after_disc_percentage: 0.007957220523467645 0.0728233333333 0.13768944614319903
distance: 2.578319071070966 3.82086197097 5.063404870865035
