84352.58023064694 328354.866667 572357.1531026864
before_accuracy: 0.827848512181046 0.838451302523 0.8490540928651534
before_disc_percentage: 0.0858195320045966 0.265074166667 0.44432880132873676
after_accuracy: 0.8219512170442876 0.832417216848 0.8428832166525125
after_disc_percentage: -0.012026221801691987 0.0618458333333 0.13571788846835867
distance: 3.682934813931622 4.72869791126 5.77446100857971
