-59352.817817093266 116016.433333 291385.6844837599
before_accuracy: 0.8259558992210174 0.839541429961 0.8531269607002494
before_disc_percentage: -0.03932101817685631 0.0940116666667 0.2273443515101896
after_accuracy: 0.8203375110050974 0.833266799734 0.8461960884627029
after_disc_percentage: -0.019486568363409517 0.0196233333333 0.058733235030076186
distance: 1.693572385957626 3.92189019091 6.150207995861708
