-59352.817817093266 116016.433333 291385.6844837599
before_accuracy: 0.8259558992210174 0.839541429961 0.8531269607002494
before_disc_percentage: -0.03932101817685631 0.0940116666667 0.2273443515101896
after_accuracy: 0.8225138892659756 0.834791954552 0.8470700198386913
after_disc_percentage: -0.03311545709333334 0.0214175 0.07595045709333334
distance: 2.5894414031676876 3.93597298827 5.282504573364979
