-59352.817817093266 116016.433333 291385.6844837599
before_accuracy: 0.8259558992210174 0.839541429961 0.8531269607002494
before_disc_percentage: -0.03932101817685631 0.0940116666667 0.2273443515101896
after_accuracy: 0.8207236205055514 0.834065202928 0.847406785349515
after_disc_percentage: -0.03693511831593859 0.0345616666667 0.10605845164927194
distance: -0.29400534517222265 3.07409054392 6.442186433013956
