-59352.817817093266 116016.433333 291385.6844837599
before_accuracy: 0.8259558992210174 0.839541429961 0.8531269607002494
before_disc_percentage: -0.03932101817685631 0.0940116666667 0.2273443515101896
after_accuracy: 0.8195291196984071 0.834285275603 0.8490414315068595
after_disc_percentage: -0.01692809144676325 0.0541108333333 0.12514975811342993
distance: -0.2315540759821717 2.05001746489 4.331589005765238
