2354.9421821611686 31399.9 60444.857817838834
before_accuracy: 0.6568642269694533 0.713666666667 0.77046910636388
before_disc_percentage: 0.009454487772521496 0.0218416666667 0.034228845560811835
after_accuracy: 0.666539889882227 0.718 0.7694601101177734
after_disc_percentage: 0.004524788623758686 0.0121225 0.019720211376241317
distance: 6.543746943371616 7.26739635026 7.99104575714038
