2354.9421821611686 31399.9 60444.857817838834
before_accuracy: 0.6568642269694533 0.713666666667 0.77046910636388
before_disc_percentage: 0.009454487772521496 0.0218416666667 0.034228845560811835
after_accuracy: 0.6620335545981533 0.716166666667 0.77029977873518
after_disc_percentage: 0.007650556661297676 0.01356 0.019469443338702333
distance: 3.870152272726159 5.48896247954 7.1077726863458395
