2354.9421821611686 31399.9 60444.857817838834
before_accuracy: 0.6568642269694533 0.713666666667 0.77046910636388
before_disc_percentage: 0.009454487772521496 0.0218416666667 0.034228845560811835
after_accuracy: 0.6590788190733301 0.715833333333 0.7725878475933361
after_disc_percentage: 0.004710522104601144 0.0110108333333 0.01731114456206552
distance: 6.94718338142533 7.42531825682 7.903453132221336
