2354.9421821611686 31399.9 60444.857817838834
before_accuracy: 0.6568642269694533 0.713666666667 0.77046910636388
before_disc_percentage: 0.009454487772521496 0.0218416666667 0.034228845560811835
after_accuracy: 0.6620244442258422 0.7185 0.7749755557741577
after_disc_percentage: 0.005747232028621337 0.0124175 0.01908776797137866
distance: 5.532133328312006 6.55522469922 7.578316070120661
