2354.9421821611686 31399.9 60444.857817838834
before_accuracy: 0.6568642269694533 0.713666666667 0.77046910636388
before_disc_percentage: 0.009454487772521496 0.0218416666667 0.034228845560811835
after_accuracy: 0.6571426532493464 0.716833333333 0.7765240134173205
after_disc_percentage: 0.006692073228531938 0.0122325 0.017772926771468057
distance: 4.965399967130136 6.19228598501 7.419172002879865
