23254.109392457827 43556.1 63858.090607542166
before_accuracy: 0.8088049140808231 0.8192026204 0.8296003267195105
before_disc_percentage: 0.017341115362495482 0.0205525 0.023763884637504513
after_accuracy: 0.8085669344466798 0.819033727417 0.8295005203871867
after_disc_percentage: 0.007913482371822798 0.01233 0.016746517628177207
distance: 3.2304317629419668 3.52573115697 3.8210305509887004
