23254.109392457827 43556.1 63858.090607542166
before_accuracy: 0.8088049140808231 0.8192026204 0.8296003267195105
before_disc_percentage: 0.017341115362495482 0.0205525 0.023763884637504513
after_accuracy: 0.8085214903527265 0.819054199294 0.8295869082348071
after_disc_percentage: 0.007670470890092804 0.0113141666667 0.014957862443240533
distance: 3.5486306532483964 3.87140147243 4.1941722916162725
