23254.109392457827 43556.1 63858.090607542166
before_accuracy: 0.8088049140808231 0.8192026204 0.8296003267195105
before_disc_percentage: 0.017341115362495482 0.0205525 0.023763884637504513
after_accuracy: 0.80857704775378 0.819084907109 0.8295927664638202
after_disc_percentage: 0.007047558704119903 0.0115583333333 0.016069107962546764
distance: 3.4717062399878653 3.72837821313 3.985050186272801
