140698.21051104978 517093.3 893488.3894889501
before_accuracy: 0.8238808945828349 0.834402988894 0.8449250832050985
before_disc_percentage: -0.0001103357410268159 0.0199466666667 0.04000366907436016
after_accuracy: 0.8231445259794905 0.833394748964 0.8436449719478427
after_disc_percentage: -0.000389047111537524 0.0102108333333 0.02081071377820419
distance: 3.4733100237610923 4.33214763918 5.190985254592906
