140698.21051104978 517093.3 893488.3894889501
before_accuracy: 0.8238808945828349 0.834402988894 0.8449250832050985
before_disc_percentage: -0.0001103357410268159 0.0199466666667 0.04000366907436016
after_accuracy: 0.8209199319344241 0.83208966682 0.8432594017059759
after_disc_percentage: -0.00022882012527103597 0.008955 0.018138820125271037
distance: 3.48286793126413 3.77699159988 4.071115268497204
