140698.21051104978 517093.3 893488.3894889501
before_accuracy: 0.8238808945828349 0.834402988894 0.8449250832050985
before_disc_percentage: -0.0001103357410268159 0.0199466666667 0.04000366907436016
after_accuracy: 0.8217924058750297 0.8336711193 0.8455498327247033
after_disc_percentage: -0.0018291510478287178 0.00780916666667 0.017447484381162053
distance: 3.0031716064759273 3.37370945026 3.744247294052073
