87733.1038805694 241223.566667 394714.02945276396
before_accuracy: 0.8211891390134655 0.833650647423 0.8461121558327348
before_disc_percentage: -0.048849935105926626 0.10372 0.2562899351059266
after_accuracy: 0.825464891401398 0.83512462255 0.8447843536982018
after_disc_percentage: -0.035656165672003054 0.0686175 0.17289116567200302
distance: 3.5914905986421957 3.83979567396 4.088100749277803
