87733.1038805694 241223.566667 394714.02945276396
before_accuracy: 0.8211891390134655 0.833650647423 0.8461121558327348
before_disc_percentage: -0.048849935105926626 0.10372 0.2562899351059266
after_accuracy: 0.8249178305574698 0.834832898306 0.8447479660545305
after_disc_percentage: -0.005526396421397267 0.0882358333333 0.18199806308806393
distance: 2.2467115420050425 2.88033568713 3.513959832246957
