87733.1038805694 241223.566667 394714.02945276396
before_accuracy: 0.8211891390134655 0.833650647423 0.8461121558327348
before_disc_percentage: -0.048849935105926626 0.10372 0.2562899351059266
after_accuracy: 0.8258530623958337 0.834955729567 0.8440583967372334
after_disc_percentage: -0.0029692051479507098 0.0626858333333 0.12834087181461737
distance: 3.7696385282960807 3.95657445951 4.14351039071992
