-77510.9404785553 65068.5 207647.9404785553
before_accuracy: 0.8239950233234126 0.837606837607 0.8512186518902538
before_disc_percentage: -0.05557493782576869 0.0500683333333 0.15571160449243535
after_accuracy: 0.8163003643734936 0.830631045601 0.8449617268287062
after_disc_percentage: -0.013184311305688572 0.00789333333333 0.028970977972355236
distance: 0.885766848144117 4.95088628394 9.016005719734551
