-77510.9404785553 65068.5 207647.9404785553
before_accuracy: 0.8239950233234126 0.837606837607 0.8512186518902538
before_disc_percentage: -0.05557493782576869 0.0500683333333 0.15571160449243535
after_accuracy: 0.816305861254215 0.829008649368 0.8417114374815852
after_disc_percentage: -0.028255379821497638 0.0131258333333 0.0545070464881643
distance: -0.2997025349093674 3.55582273254 7.411347999997831
