63216.45268173298 122070.6 180924.74731826704
before_accuracy: 0.822012556300089 0.83448999437 0.8469674324405106
before_disc_percentage: -0.0015105045671621152 0.00916583333333 0.019842171233828785
after_accuracy: 0.822284848451146 0.834090792773 0.8458967370955872
after_disc_percentage: 0.0016388508473784372 0.0138525 0.026066149152621558
distance: 3.25308266216957 3.60464943725 3.9562162123324303
