63216.45268173298 122070.6 180924.74731826704
before_accuracy: 0.822012556300089 0.83448999437 0.8469674324405106
before_disc_percentage: -0.0015105045671621152 0.00916583333333 0.019842171233828785
after_accuracy: 0.8221041228653054 0.832867598137 0.8436310734086943
after_disc_percentage: 0.0026087978295933813 0.0137966666667 0.024984535503739955
distance: 2.6593663277373385 3.17142102766 3.6834757275813286
