23640.19164476914 49835.1333333 76030.07502189753
before_accuracy: 0.809571940903317 0.818644761759 0.8277175826138162
before_disc_percentage: 0.004951892939101657 0.0064425 0.007933107060898345
after_accuracy: 0.8091571819965316 0.818680587543 0.8282039930890687
after_disc_percentage: 0.003073418516457673 0.00418833333333 0.0053032481502089945
distance: 3.4941138609509026 4.25540142129 5.016688981625766
