disc_num_Data: 65312.71040302563 111464.133333 157615.55626364105
before_accuracy_Data: 0.8221251787881532 0.834315983418 0.8465067880472468
before_fairness_Data: 0.0006440939787415011 0.00880416666667 0.016964239354591827
after_accuracy_Data: 0.821711828998074 0.83234556528 0.8429793015612594
after_fairness_Data: 0.013051062612488215 0.0319358333333 0.050820604054178445
