disc_num_Data: 92965.27882631103 126489.1 160012.92117368898
before_accuracy_Data: 0.8091604560623926 0.818306975792 0.8274534955216739
before_fairness_Data: 0.0012433843075308818 0.00166666666667 0.002089949025802451
after_accuracy_Data: 0.8092036850312789 0.81800501561 0.8268063461882542
after_fairness_Data: 0.0012302320271699407 0.00173 0.002229767972830059
