disc_num_Data: 26036.978682175544 42886.4 59735.82131782446
before_accuracy_Data: 0.8088044596929932 0.818557756282 0.8283110528715399
before_fairness_Data: 0.015849303288830788 0.0203208333333 0.02479236337783587
after_accuracy_Data: 0.8089376638238664 0.818465632837 0.8279936018499338
after_fairness_Data: 0.017368345288877866 0.0276891666667 0.038009988044455455
