disc_num_Data: 22521.774851889524 183486.833333 344451.89181477716
before_accuracy_Data: 0.6908919932065958 0.748333333333 0.805774673460071
before_fairness_Data: 0.0697707078015608 0.1763325 0.28289429219843915
after_accuracy_Data: 0.685374960900915 0.739333333333 0.7932917057657516
after_fairness_Data: 0.14339460375344 0.3067825 0.47017039624656004
