disc_num_Data: -17363.697103272192 90054.8 197473.2971032722
before_accuracy_Data: 0.66398777013134 0.7385 0.8130122298686596
before_fairness_Data: 0.004441841680401903 0.0951883333333 0.18593482498626476
after_accuracy_Data: 0.66468572222334 0.732333333333 0.7999809444433266
after_fairness_Data: 0.0028442911223233516 0.0629441666667 0.12304404221100998
