255045.5791587161 425956.6 596867.6208412838
before_accuracy: 0.8907396675298836 0.897194883704 0.9036500998776494
before_disc_percentage: 0.03005652077713585 0.0480966666667 0.0661368125561975
after_accuracy: 0.8897150445964942 0.896240185779 0.9027653269617059
after_disc_percentage: -0.0014079165038795756 0.01651 0.034427916503879566
distance: 5.054859204837978 5.50643627928 5.9580133537213555
