255045.5791587161 425956.6 596867.6208412838
before_accuracy: 0.8907396675298836 0.897194883704 0.9036500998776494
before_disc_percentage: 0.03005652077713585 0.0480966666667 0.0661368125561975
after_accuracy: 0.8909612217259073 0.896892624129 0.9028240265324927
after_disc_percentage: 0.004363612012643642 0.0160466666667 0.027729721320689685
distance: 5.735288521350453 5.938647747 6.14200697264088
