255045.5791587161 425956.6 596867.6208412838
before_accuracy: 0.8907396675298836 0.897194883704 0.9036500998776494
before_disc_percentage: 0.03005652077713585 0.0480966666667 0.0661368125561975
after_accuracy: 0.8897644251371273 0.896922112868 0.9040798005990063
after_disc_percentage: -0.002152957676853525 0.0166341666667 0.03542129101018686
distance: 5.526115031304234 5.7686632795 6.011211527689768
