255045.5791587161 425956.6 596867.6208412838
before_accuracy: 0.8907396675298836 0.897194883704 0.9036500998776494
before_disc_percentage: 0.03005652077713585 0.0480966666667 0.0661368125561975
after_accuracy: 0.8886658997967554 0.896789413543 0.9049129272887784
after_disc_percentage: -0.0010795697894969217 0.0154216666667 0.031922903122830255
distance: 5.381298561756656 5.69209168209 6.002884802420011
