255045.5791587161 425956.6 596867.6208412838
before_accuracy: 0.8907396675298836 0.897194883704 0.9036500998776494
before_disc_percentage: 0.03005652077713585 0.0480966666667 0.0661368125561975
after_accuracy: 0.891269895302181 0.8974381658 0.9036064362988186
after_disc_percentage: 0.0021176053553040447 0.0145833333333 0.027049061311362626
distance: 5.59165391732078 5.8410388855 6.09042385368322
