-59352.817817093266 116016.433333 291385.6844837599
before_accuracy: 0.8259558992210174 0.839541429961 0.8531269607002494
before_disc_percentage: -0.03932101817685631 0.0940116666667 0.2273443515101896
after_accuracy: 0.8177022539800051 0.832197144173 0.8466920343663947
after_disc_percentage: -0.04960665552076527 0.0324316666667 0.11446998885409862
distance: 0.4093122024068552 3.38931832858 6.369324454758013
