-59352.817817093266 116016.433333 291385.6844837599
before_accuracy: 0.8259558992210174 0.839541429961 0.8531269607002494
before_disc_percentage: -0.03932101817685631 0.0940116666667 0.2273443515101896
after_accuracy: 0.8184554343234319 0.833640411485 0.8488253886459017
after_disc_percentage: -0.023839355283875735 0.0224633333333 0.0687660219505424
distance: 2.1565632155140038 4.39586875029 6.6351742850606605
