22793.452257858415 166751.433333 310709.4144088082
before_accuracy: 0.688973613080881 0.736 0.7830263869191187
before_disc_percentage: 0.04807766150866835 0.166081666667 0.28408567182466493
after_accuracy: 0.6704181497710153 0.732333333333 0.7942485168956517
after_disc_percentage: 0.0017513757284879777 0.0960708333333 0.19039029093817866
distance: 8.109898547047514 8.37223832084 8.634578094624487
