255045.5791587161 425956.6 596867.6208412838
before_accuracy: 0.8907396675298836 0.897194883704 0.9036500998776494
before_disc_percentage: 0.03005652077713585 0.0480966666667 0.0661368125561975
after_accuracy: 0.8900396995082869 0.89650558443 0.9029714693515798
after_disc_percentage: 0.0059790850746496635 0.01632 0.026660914925350332
distance: 5.6822032605723 5.8861954129 6.090187565231035
