255045.5791587161 425956.6 596867.6208412838
before_accuracy: 0.8907396675298836 0.897194883704 0.9036500998776494
before_disc_percentage: 0.03005652077713585 0.0480966666667 0.0661368125561975
after_accuracy: 0.8866742055110384 0.896546131446 0.9064180573810283
after_disc_percentage: 0.0034538060292001287 0.0197983333333 0.03614286063746652
distance: 2.5513426651214783 3.54714775662 4.542952848120519
