255045.5791587161 425956.6 596867.6208412838
before_accuracy: 0.8907396675298836 0.897194883704 0.9036500998776494
before_disc_percentage: 0.03005652077713585 0.0480966666667 0.0661368125561975
after_accuracy: 0.889875513512535 0.897202255889 0.9045289982646646
after_disc_percentage: 0.004072622886552633 0.0150291666667 0.025985710446780705
distance: 4.469658120567169 5.06910766381 5.668557207056165
