255045.5791587161 425956.6 596867.6208412838
before_accuracy: 0.8907396675298836 0.897194883704 0.9036500998776494
before_disc_percentage: 0.03005652077713585 0.0480966666667 0.0661368125561975
after_accuracy: 0.8894212489032042 0.896981090346 0.9045409317890626
after_disc_percentage: 0.0017559578208577002 0.0176558333333 0.033555708845808954
distance: 5.837964064701855 6.02417992769 6.210395790674148
