74715.70571899571 124534.633333 174353.56094767095
before_accuracy: 0.8843922858372589 0.889078108297 0.8937639307574751
before_disc_percentage: 0.004603169173065344 0.00673083333333 0.008858497493601321
after_accuracy: 0.8840579394563146 0.888938036787 0.8938181341182854
after_disc_percentage: 0.0021584186242183767 0.00359083333333 0.005023248042448292
distance: 4.748169451455822 5.18492564416 5.621681836868848
