74715.70571899571 124534.633333 174353.56094767095
before_accuracy: 0.8843922858372589 0.889078108297 0.8937639307574751
before_disc_percentage: 0.004603169173065344 0.00673083333333 0.008858497493601321
after_accuracy: 0.8837958731730623 0.888716871245 0.8936378693166046
after_disc_percentage: 0.001395744679397597 0.00249 0.003584255320602402
distance: 5.777772737770646 5.8822702825 5.98676782722469
