74715.70571899571 124534.633333 174353.56094767095
before_accuracy: 0.8843922858372589 0.889078108297 0.8937639307574751
before_disc_percentage: 0.004603169173065344 0.00673083333333 0.008858497493601321
after_accuracy: 0.8836932120485397 0.888720557337 0.8937479026257937
after_disc_percentage: 0.0015793256941717966 0.00274583333333 0.00391234097249487
distance: 5.493711250273751 5.67045581819 5.847200386112913
