74715.70571899571 124534.633333 174353.56094767095
before_accuracy: 0.8843922858372589 0.889078108297 0.8937639307574751
before_disc_percentage: 0.004603169173065344 0.00673083333333 0.008858497493601321
after_accuracy: 0.883694265587193 0.888635777213 0.8935772888378736
after_disc_percentage: 0.001157479874642574 0.00243666666667 0.003715853458690759
distance: 5.686257732571673 5.79985024074 5.913442748915659
