74715.70571899571 124534.633333 174353.56094767095
before_accuracy: 0.8843922858372589 0.889078108297 0.8937639307574751
before_disc_percentage: 0.004603169173065344 0.00673083333333 0.008858497493601321
after_accuracy: 0.8839487270120882 0.888809023554 0.8936693200963782
after_disc_percentage: 0.0013086221592351688 0.00270416666667 0.0040997111740981645
distance: 5.572672367721628 5.71996241608 5.867252464441037
