87733.1038805694 241223.566667 394714.02945276396
before_accuracy: 0.8211891390134655 0.833650647423 0.8461121558327348
before_disc_percentage: -0.048849935105926626 0.10372 0.2562899351059266
after_accuracy: 0.8189072738197026 0.832151082451 0.8453948910813637
after_disc_percentage: -0.030895047363455316 0.106564166667 0.24402338069678858
distance: 0.8149501465265105 2.1021556372 3.3893611278774225
