23254.109392457827 43556.1 63858.090607542166
before_accuracy: 0.8088049140808231 0.8192026204 0.8296003267195105
before_disc_percentage: 0.017341115362495482 0.0205525 0.023763884637504513
after_accuracy: 0.8087891117282844 0.819064435232 0.8293397587357159
after_disc_percentage: 0.009685092416388784 0.01381 0.017934907583611215
distance: 1.9905188781046212 2.81996371515 3.6494085521960478
