23254.109392457827 43556.1 63858.090607542166
before_accuracy: 0.8088049140808231 0.8192026204 0.8296003267195105
before_disc_percentage: 0.017341115362495482 0.0205525 0.023763884637504513
after_accuracy: 0.8088145913526825 0.819151440708 0.8294882900640501
after_disc_percentage: 0.011326969438337428 0.01589 0.020453030561662575
distance: 0.6040928029994312 1.94100757351 3.2779223440141685
