23254.109392457827 43556.1 63858.090607542166
before_accuracy: 0.8088049140808231 0.8192026204 0.8296003267195105
before_disc_percentage: 0.017341115362495482 0.0205525 0.023763884637504513
after_accuracy: 0.8087881784493708 0.819248682123 0.8297091857965627
after_disc_percentage: 0.012316557957338412 0.0171266666667 0.021936775375994925
distance: 0.01659203112429286 1.11486007126 2.2131281113873067
