-10081.620457951984 115155.533333 240392.68712461868
before_accuracy: 0.8919639015099509 0.896214383132 0.9004648647550485
before_disc_percentage: 0.010858493867624427 0.0883516666667 0.16584483946570894
after_accuracy: 0.8883404310945746 0.8943934535 0.9004464759053592
after_disc_percentage: -0.0055320750110398435 0.00294416666667 0.01142040834437318
distance: 5.567459729154795 5.81773486269 6.068009996233206
