-10081.620457951984 115155.533333 240392.68712461868
before_accuracy: 0.8919639015099509 0.896214383132 0.9004648647550485
before_disc_percentage: 0.010858493867624427 0.0883516666667 0.16584483946570894
after_accuracy: 0.8901697975129459 0.895001658742 0.8998335199701208
after_disc_percentage: -0.0030151631504795155 0.00905583333333 0.021126829817146187
distance: 3.300621030569226 4.39863283521 5.496644639856107
