-10081.620457951984 115155.533333 240392.68712461868
before_accuracy: 0.8919639015099509 0.896214383132 0.9004648647550485
before_disc_percentage: 0.010858493867624427 0.0883516666667 0.16584483946570894
after_accuracy: 0.88958723695667 0.894894762063 0.9002022871687296
after_disc_percentage: -0.00813637527604058 0.005695 0.01952637527604058
distance: 4.823103637260882 5.31751767658 5.811931715893785
