-10081.620457951984 115155.533333 240392.68712461868
before_accuracy: 0.8919639015099509 0.896214383132 0.9004648647550485
before_disc_percentage: 0.010858493867624427 0.0883516666667 0.16584483946570894
after_accuracy: 0.8887840715885683 0.894083821741 0.8993835718924982
after_disc_percentage: -0.00968267560789527 0.00359166666667 0.016866008941228604
distance: 5.708781096916572 5.91840990449 6.128038712054093
