disc_num_Data: 12420.764126792099 128897.566667 245374.36920654122
before_accuracy_Data: 0.8900884919411141 0.896015334144 0.9019421763475524
before_fairness_Data: 0.027722278870467548 0.0974883333333 0.1672543877961991
after_accuracy_Data: 0.8893437049062891 0.895488222935 0.9016327409632439
after_fairness_Data: 0.11935348945385513 0.19271 0.26606651054614494
