disc_num_Data: 75998.50146830094 229920.0 383841.49853169906
before_accuracy_Data: 0.8209421291792166 0.832197144173 0.8434521591671834
before_fairness_Data: -0.030104103492271717 0.09511 0.22032410349227172
after_accuracy_Data: 0.8207941040995401 0.830815292492 0.8408364808844593
after_fairness_Data: -0.015101448016622304 0.0876041666667 0.19030978134995566
