disc_num_Data: 46525.726653046906 114291.966667 182058.2066802864
before_accuracy_Data: 0.7118270843668177 0.765666666667 0.8195062489665159
before_fairness_Data: 0.06029987498695563 0.0956466666667 0.13099345834637768
after_accuracy_Data: 0.7072414230505512 0.762833333333 0.8184252436161153
after_fairness_Data: 0.05336997422231728 0.0880191666667 0.12266835911101598
