disc_num_Data: -17363.697103272192 90054.8 197473.2971032722
before_accuracy_Data: 0.66398777013134 0.7385 0.8130122298686596
before_fairness_Data: 0.004441841680401903 0.0951883333333 0.18593482498626476
after_accuracy_Data: 0.6609594322957009 0.735333333333 0.8097072343709659
after_fairness_Data: -0.01930763628923164 0.0687808333333 0.15686930295589835
