-59352.817817093266 116016.433333 291385.6844837599
before_accuracy: 0.8259558992210174 0.839541429961 0.8531269607002494
before_disc_percentage: -0.03932101817685631 0.0940116666667 0.2273443515101896
after_accuracy: 0.8208533472150669 0.833568759916 0.8462841726169329
after_disc_percentage: -0.018203946639947743 0.0167808333333 0.0517656133066144
distance: 1.4381648448637625 3.87118974786 6.304214650864238
