-59352.817817093266 116016.433333 291385.6844837599
before_accuracy: 0.8259558992210174 0.839541429961 0.8531269607002494
before_disc_percentage: -0.03932101817685631 0.0940116666667 0.2273443515101896
after_accuracy: 0.820126608511814 0.834669123292 0.8492116380718526
after_disc_percentage: -0.011810408174617853 0.0127708333333 0.03735207484128451
distance: 4.641077624479465 7.28156625518 9.922054885881867
