63216.45268173298 122070.6 180924.74731826704
before_accuracy: 0.822012556300089 0.83448999437 0.8469674324405106
before_disc_percentage: -0.0015105045671621152 0.00916583333333 0.019842171233828785
after_accuracy: 0.8250256305681459 0.834331337325 0.8436370440824533
after_disc_percentage: 0.0010866664669891574 0.0136625 0.026238333533010846
distance: 2.5256337295055475 3.60049947689 4.675365224283786
