63216.45268173298 122070.6 180924.74731826704
before_accuracy: 0.822012556300089 0.83448999437 0.8469674324405106
before_disc_percentage: -0.0015105045671621152 0.00916583333333 0.019842171233828785
after_accuracy: 0.8241150519088473 0.835012027228 0.8459090025463528
after_disc_percentage: -0.0007939582874323878 0.0128533333333 0.02650062495409905
distance: -1.7642628863336558 2.08971254197 5.9436879702831895
