63216.45268173298 122070.6 180924.74731826704
before_accuracy: 0.822012556300089 0.83448999437 0.8469674324405106
before_disc_percentage: -0.0015105045671621152 0.00916583333333 0.019842171233828785
after_accuracy: 0.8229248652707283 0.833993551359 0.8450622374468716
after_disc_percentage: 0.0036240933783220873 0.0137975 0.023970906621677914
distance: 2.966825953781483 4.41342625816 5.860026562541186
