63216.45268173298 122070.6 180924.74731826704
before_accuracy: 0.822012556300089 0.83448999437 0.8469674324405106
before_disc_percentage: -0.0015105045671621152 0.00916583333333 0.019842171233828785
after_accuracy: 0.8220936011197928 0.834198270126 0.8463029391330741
after_disc_percentage: -0.001567546180903998 0.0142391666667 0.030045879514237338
distance: 2.1076708240561044 2.88621623312 3.6647616421885627
