2354.9421821611686 31399.9 60444.857817838834
before_accuracy: 0.6568642269694533 0.713666666667 0.77046910636388
before_disc_percentage: 0.009454487772521496 0.0218416666667 0.034228845560811835
after_accuracy: 0.6587514073240234 0.7135 0.7682485926759767
after_disc_percentage: 0.00393575585450426 0.0117466666667 0.019557577478829073
distance: 7.384854569512162 7.77456324759 8.164271925663838
