2354.9421821611686 31399.9 60444.857817838834
before_accuracy: 0.6568642269694533 0.713666666667 0.77046910636388
before_disc_percentage: 0.009454487772521496 0.0218416666667 0.034228845560811835
after_accuracy: 0.6624742885071918 0.718333333333 0.774192378159475
after_disc_percentage: 0.005494434314041186 0.0120175 0.018540565685958812
distance: 7.041123318514656 7.51079750855 7.980471698588009
