21002.804030347732 141346.266667 261689.7293029856
before_accuracy: 0.7074234021151093 0.760166666667 0.812909931218224
before_disc_percentage: 0.042081399133570715 0.112341666667 0.18260193419976267
after_accuracy: 0.699844240450341 0.762833333333 0.8258224262163255
after_disc_percentage: 0.01801768223030517 0.0779208333333 0.13782398443636146
distance: 1.3769322780127078 3.15002444489 4.923116611759292
