21002.804030347732 141346.266667 261689.7293029856
before_accuracy: 0.7074234021151093 0.760166666667 0.812909931218224
before_disc_percentage: 0.042081399133570715 0.112341666667 0.18260193419976267
after_accuracy: 0.6931691733129769 0.757166666667 0.8211641600203564
after_disc_percentage: 0.021535743272314757 0.0713266666667 0.12111759006101863
distance: 6.373563724776254 6.88648458785 7.3994054509290805
