21002.804030347732 141346.266667 261689.7293029856
before_accuracy: 0.7074234021151093 0.760166666667 0.812909931218224
before_disc_percentage: 0.042081399133570715 0.112341666667 0.18260193419976267
after_accuracy: 0.6915951914345122 0.756666666667 0.8217381418988212
after_disc_percentage: 0.024549140228086692 0.069575 0.11460085977191331
distance: 7.35786867826704 7.59022733597 7.822585993674294
