disc_num_Data: 23701.2897207689 44652.4666667 65603.64361256444
before_accuracy_Data: 0.8069666796858299 0.81850657659 0.8300464734949702
before_fairness_Data: 0.004576944854722277 0.0061325 0.007688055145277725
after_accuracy_Data: 0.807442548610133 0.818475868775 0.8295091889405338
after_fairness_Data: 0.0026780478784710236 0.0038425 0.0050069521215289755
