disc_num_Data: -29368.724569752347 66020.0333333 161408.79123641903
before_accuracy_Data: 0.829034207442191 0.839541429961 0.8500486524789423
before_fairness_Data: -0.02645812594619716 0.0551741666667 0.1368064592795305
after_accuracy_Data: 0.8256250984621427 0.837437944624 0.8492507907849238
after_fairness_Data: -0.035834643693576404 0.0306783333333 0.09719131036024307
