disc_num_Data: 19326.25028772556 140077.8 260829.34971227442
before_accuracy_Data: 0.7187580737404826 0.778333333333 0.8379085929261842
before_fairness_Data: 0.039668841583093375 0.120146666667 0.20062449175024
after_accuracy_Data: 0.7133812060513005 0.774166666667 0.8349521272820328
after_fairness_Data: 0.020005448961683575 0.0661933333333 0.1123812177049831
