disc_num_Data: 71829.74764811486 135365.9 198902.05235188513
before_accuracy_Data: 0.8847055290141227 0.889258726824 0.8938119246332775
before_fairness_Data: 0.00453574505837428 0.00692 0.00930425494162572
after_accuracy_Data: 0.885046096267792 0.889542555937 0.8940390156052742
after_fairness_Data: 0.0022204314399198915 0.0046725 0.007124568560080108
