disc_num_Data: 75998.50146830094 229920.0 383841.49853169906
before_accuracy_Data: 0.8209421291792166 0.832197144173 0.8434521591671834
before_fairness_Data: -0.030104103492271717 0.09511 0.22032410349227172
after_accuracy_Data: 0.8222586830214781 0.832586109832 0.8429135366415884
after_fairness_Data: 0.007270546475412996 0.0546975 0.10212445352458696
