disc_num_Data: -22344.83114647092 59501.12 141347.07114647093
before_accuracy_Data: 0.8276070738358482 0.838992783663 0.8503784934911122
before_fairness_Data: -0.012096799758127219 0.047733 0.10756279975812721
after_accuracy_Data: 0.8144039769166499 0.82975587287 0.8451077688227103
after_fairness_Data: -0.01925797785387326 0.006316 0.03188997785387326
