23640.19164476914 49835.1333333 76030.07502189753
before_accuracy: 0.809571940903317 0.818644761759 0.8277175826138162
before_disc_percentage: 0.004951892939101657 0.0064425 0.007933107060898345
after_accuracy: 0.8092908175549656 0.818644761759 0.8279987059621012
after_disc_percentage: 0.003180076242978888 0.00459583333333 0.006011590423687782
distance: 3.3916037961363323 3.85810968892 4.324615581709001
