23640.19164476914 49835.1333333 76030.07502189753
before_accuracy: 0.809571940903317 0.818644761759 0.8277175826138162
before_disc_percentage: 0.004951892939101657 0.0064425 0.007933107060898345
after_accuracy: 0.8093801681742189 0.818583346128 0.8277865240825145
after_disc_percentage: 0.00353158026916817 0.00466833333333 0.005805086397498497
distance: 3.160450549884219 3.80123236854 4.442014187194445
