23640.19164476914 49835.1333333 76030.07502189753
before_accuracy: 0.809571940903317 0.818644761759 0.8277175826138162
before_disc_percentage: 0.004951892939101657 0.0064425 0.007933107060898345
after_accuracy: 0.8094030010798243 0.818578228159 0.8277534552384422
after_disc_percentage: 0.00368135000774706 0.00484666666667 0.0060119833255862735
distance: 3.054348755518304 3.65508314437 4.255817533220364
