53790.89322042745 99194.2666667 144597.64011290588
before_accuracy: 0.6976389111111146 0.764333333333 0.8310277555555518
before_disc_percentage: 0.05862945640889837 0.088045 0.11746054359110163
after_accuracy: 0.707132956990471 0.765 0.8228670430095288
after_disc_percentage: 0.023148543348549894 0.0492783333333 0.07540812331811676
distance: 7.467309726740346 7.71013881522 7.952967903705657
