53790.89322042745 99194.2666667 144597.64011290588
before_accuracy: 0.6976389111111146 0.764333333333 0.8310277555555518
before_disc_percentage: 0.05862945640889837 0.088045 0.11746054359110163
after_accuracy: 0.7019545392158164 0.764333333333 0.8267121274508502
after_disc_percentage: 0.022045144086368627 0.0476116666667 0.07317818924696468
distance: 6.943559891374218 7.31943879202 7.695317692663782
