53790.89322042745 99194.2666667 144597.64011290588
before_accuracy: 0.6976389111111146 0.764333333333 0.8310277555555518
before_disc_percentage: 0.05862945640889837 0.088045 0.11746054359110163
after_accuracy: 0.7028164459401615 0.7635 0.8241835540598385
after_disc_percentage: 0.02072696445435101 0.0501016666667 0.07947636887898232
distance: 7.578958930681975 7.83446207668 8.08996522267469
