63216.45268173298 122070.6 180924.74731826704
before_accuracy: 0.822012556300089 0.83448999437 0.8469674324405106
before_disc_percentage: -0.0015105045671621152 0.00916583333333 0.019842171233828785
after_accuracy: 0.8232232174522328 0.833666001331 0.8441087852089671
after_disc_percentage: 0.0020048386946389316 0.0133141666667 0.0246234946386944
distance: 2.961467916809519 3.99249839995 5.023528883083149
