63216.45268173298 122070.6 180924.74731826704
before_accuracy: 0.822012556300089 0.83448999437 0.8469674324405106
before_disc_percentage: -0.0015105045671621152 0.00916583333333 0.019842171233828785
after_accuracy: 0.8238228480694036 0.834397870925 0.8449728937801959
after_disc_percentage: 0.0027367575826431328 0.0130483333333 0.023359909084023536
distance: 2.8806481971180284 3.39421685983 3.9077855225459706
