22793.452257858415 166751.433333 310709.4144088082
before_accuracy: 0.688973613080881 0.736 0.7830263869191187
before_disc_percentage: 0.04807766150866835 0.166081666667 0.28408567182466493
after_accuracy: 0.6811817652168773 0.732833333333 0.7844849014497893
after_disc_percentage: 0.010875356874869305 0.1078575 0.20483964312513064
distance: 7.372617204018728 7.78257727391 8.192537343797271
