22793.452257858415 166751.433333 310709.4144088082
before_accuracy: 0.688973613080881 0.736 0.7830263869191187
before_disc_percentage: 0.04807766150866835 0.166081666667 0.28408567182466493
after_accuracy: 0.6751207918890165 0.729 0.7828792081109834
after_disc_percentage: 0.017079590701113548 0.109763333333 0.2024470759655531
distance: 7.732416267886655 8.0350534317 8.337690595503348
