22793.452257858415 166751.433333 310709.4144088082
before_accuracy: 0.688973613080881 0.736 0.7830263869191187
before_disc_percentage: 0.04807766150866835 0.166081666667 0.28408567182466493
after_accuracy: 0.6750779308717 0.727833333333 0.7805887357949662
after_disc_percentage: 0.010529142320036114 0.104825 0.19912085767996385
distance: 6.755441485192053 7.37180658549 7.988171685782614
