22793.452257858415 166751.433333 310709.4144088082
before_accuracy: 0.688973613080881 0.736 0.7830263869191187
before_disc_percentage: 0.04807766150866835 0.166081666667 0.28408567182466493
after_accuracy: 0.6742911261375766 0.729666666667 0.7850422071957566
after_disc_percentage: 0.01324830231619352 0.1183525 0.2234566976838065
distance: 1.585337891358903 3.4355095728 5.285681254231764
