140698.21051104978 517093.3 893488.3894889501
before_accuracy: 0.8238808945828349 0.834402988894 0.8449250832050985
before_disc_percentage: -0.0001103357410268159 0.0199466666667 0.04000366907436016
after_accuracy: 0.8175039017416144 0.831664875377 0.8458258490131856
after_disc_percentage: -0.002251223767682794 0.0104908333333 0.023232890434349465
distance: 3.7642015344068005 5.07471959466 6.385237654914532
