140698.21051104978 517093.3 893488.3894889501
before_accuracy: 0.8238808945828349 0.834402988894 0.8449250832050985
before_disc_percentage: -0.0001103357410268159 0.0199466666667 0.04000366907436016
after_accuracy: 0.8198192792286206 0.832903423921 0.8459875686141126
after_disc_percentage: -0.0007084494943587309 0.00848916666667 0.017686782827692062
distance: 3.7648835053605527 4.05930000043 4.353716495505447
