140698.21051104978 517093.3 893488.3894889501
before_accuracy: 0.8238808945828349 0.834402988894 0.8449250832050985
before_disc_percentage: -0.0001103357410268159 0.0199466666667 0.04000366907436016
after_accuracy: 0.8217248861592773 0.832867598137 0.8440103101147224
after_disc_percentage: -0.00426224871779152 0.00981166666667 0.023885582051124857
distance: 3.7782532360463654 4.14883260414 4.519411972235634
