140698.21051104978 517093.3 893488.3894889501
before_accuracy: 0.8238808945828349 0.834402988894 0.8449250832050985
before_disc_percentage: -0.0001103357410268159 0.0199466666667 0.04000366907436016
after_accuracy: 0.8177675395969307 0.832120374635 0.846473209673802
after_disc_percentage: -0.0006176340971442481 0.00811416666667 0.01684596743047758
distance: 1.2703224107893965 2.35780425404 3.4452860972846038
