63216.45268173298 122070.6 180924.74731826704
before_accuracy: 0.822012556300089 0.83448999437 0.8469674324405106
before_disc_percentage: -0.0015105045671621152 0.00916583333333 0.019842171233828785
after_accuracy: 0.8208349607459423 0.83303649112 0.845238021494524
after_disc_percentage: 0.003523967629975481 0.0138558333333 0.024187699036691185
distance: 3.187138664731502 3.75138928223 4.315639899732498
