63216.45268173298 122070.6 180924.74731826704
before_accuracy: 0.822012556300089 0.83448999437 0.8469674324405106
before_disc_percentage: -0.0015105045671621152 0.00916583333333 0.019842171233828785
after_accuracy: 0.8240816291999569 0.834402988894 0.844724348588243
after_disc_percentage: 0.001978329874329117 0.0129416666667 0.023905003459004218
distance: 3.44312771772201 3.826326604 4.20952549026999
