63216.45268173298 122070.6 180924.74731826704
before_accuracy: 0.822012556300089 0.83448999437 0.8469674324405106
before_disc_percentage: -0.0015105045671621152 0.00916583333333 0.019842171233828785
after_accuracy: 0.8233346579671151 0.833676237269 0.8440178165710185
after_disc_percentage: 0.002683898842488463 0.0137925 0.02490110115751154
distance: 3.7866245944273516 5.30302230561 6.81942001678998
