disc_num_Data: 12420.764126792099 128897.566667 245374.36920654122
before_accuracy_Data: 0.8900884919411141 0.896015334144 0.9019421763475524
before_fairness_Data: 0.027722278870467548 0.0974883333333 0.1672543877961991
after_accuracy_Data: 0.8874656859325566 0.894157543588 0.9008494012436435
after_fairness_Data: -0.0001902851337509456 0.0002475 0.0006852851337509458
