disc_num_Data: 65312.71040302563 111464.133333 157615.55626364105
before_accuracy_Data: 0.8221251787881532 0.834315983418 0.8465067880472468
before_fairness_Data: 0.0006440939787415011 0.00880416666667 0.016964239354591827
after_accuracy_Data: 0.8208739570489286 0.833118378627 0.8453628002059373
after_fairness_Data: 0.002550073290764279 0.0143108333333 0.02607159337590239
