disc_num_Data: 92965.27882631103 126489.1 160012.92117368898
before_accuracy_Data: 0.8091604560623926 0.818306975792 0.8274534955216739
before_fairness_Data: 0.0012433843075308818 0.00166666666667 0.002089949025802451
after_accuracy_Data: 0.8089404525129469 0.818250678131 0.8275609037487863
after_fairness_Data: 0.0002973017794032613 0.000649166666667 0.0010010315539300718
