disc_num_Data: 26036.978682175544 42886.4 59735.82131782446
before_accuracy_Data: 0.8088044596929932 0.818557756282 0.8283110528715399
before_fairness_Data: 0.015849303288830788 0.0203208333333 0.02479236337783587
after_accuracy_Data: 0.8083493581889074 0.818230206254 0.8281110543194257
after_fairness_Data: 0.007121060615370121 0.00892416666667 0.010727272717963213
