disc_num_Data: -17363.697103272192 90054.8 197473.2971032722
before_accuracy_Data: 0.66398777013134 0.7385 0.8130122298686596
before_fairness_Data: 0.004441841680401903 0.0951883333333 0.18593482498626476
after_accuracy_Data: 0.668900055615382 0.730833333333 0.7927666110512847
after_fairness_Data: -0.003439395032813342 0.008405 0.02024939503281334
