disc_num_Data: 46525.726653046906 114291.966667 182058.2066802864
before_accuracy_Data: 0.7118270843668177 0.765666666667 0.8195062489665159
before_fairness_Data: 0.06029987498695563 0.0956466666667 0.13099345834637768
after_accuracy_Data: 0.6981986463254198 0.759333333333 0.820468020341247
after_fairness_Data: 0.016673883775880846 0.046735 0.07679611622411917
