21002.804030347732 141346.266667 261689.7293029856
before_accuracy: 0.7074234021151093 0.760166666667 0.812909931218224
before_disc_percentage: 0.042081399133570715 0.112341666667 0.18260193419976267
after_accuracy: 0.6962900999336246 0.7615 0.8267099000663756
after_disc_percentage: 0.019606064406995756 0.0764383333333 0.1332706022596709
distance: 5.058768475463085 6.20036110236 7.341953729264915
