21002.804030347732 141346.266667 261689.7293029856
before_accuracy: 0.7074234021151093 0.760166666667 0.812909931218224
before_disc_percentage: 0.042081399133570715 0.112341666667 0.18260193419976267
after_accuracy: 0.6897725065540159 0.759333333333 0.8288941601126509
after_disc_percentage: 0.027220600277860482 0.0773816666667 0.12754273305547287
distance: 7.088805620604005 7.49200580344 7.89520598627466
