disc_num_Data: 23701.2897207689 44652.4666667 65603.64361256444
before_accuracy_Data: 0.8069666796858299 0.81850657659 0.8300464734949702
before_fairness_Data: 0.004576944854722277 0.0061325 0.007688055145277725
after_accuracy_Data: 0.8069720083961951 0.81838374533 0.8297954822634719
after_fairness_Data: -0.008021402391520799 0.067225 0.1424714023915208
