disc_num_Data: 75998.50146830094 229920.0 383841.49853169906
before_accuracy_Data: 0.8209421291792166 0.832197144173 0.8434521591671834
before_fairness_Data: -0.030104103492271717 0.09511 0.22032410349227172
after_accuracy_Data: 0.821645096508611 0.832207380112 0.8427696637145227
after_fairness_Data: 0.0668527601491487 0.329006666667 0.5911605731841847
