disc_num_Data: 83.24091961180466 4070.06666667 8056.892413721529
before_accuracy_Data: 0.6579526294577097 0.716833333333 0.7757140372089572
before_fairness_Data: 0.000608215353959581 0.0014575 0.002306784646040419
after_accuracy_Data: 0.6581678764442932 0.717333333333 0.7764987902223738
after_fairness_Data: 0.00035736631184141556 0.00321166666667 0.006065967021491918
