21002.804030347732 141346.266667 261689.7293029856
before_accuracy: 0.7074234021151093 0.760166666667 0.812909931218224
before_disc_percentage: 0.042081399133570715 0.112341666667 0.18260193419976267
after_accuracy: 0.6916791789289302 0.759666666667 0.8276541544044035
after_disc_percentage: 0.021547999580822173 0.072155 0.12276200041917784
distance: 7.770208029174355 7.96205254403 8.153897058882313
