21002.804030347732 141346.266667 261689.7293029856
before_accuracy: 0.7074234021151093 0.760166666667 0.812909931218224
before_disc_percentage: 0.042081399133570715 0.112341666667 0.18260193419976267
after_accuracy: 0.6973454678802428 0.758 0.8186545321197575
after_disc_percentage: 0.0322963020709672 0.0707075 0.10911869792903278
distance: 8.072643919748392 8.27619919355 8.479754467350938
