21002.804030347732 141346.266667 261689.7293029856
before_accuracy: 0.7074234021151093 0.760166666667 0.812909931218224
before_disc_percentage: 0.042081399133570715 0.112341666667 0.18260193419976267
after_accuracy: 0.6960074792753433 0.761666666667 0.8273258540579896
after_disc_percentage: 0.013195631713928749 0.0720941666667 0.13099270161940457
distance: 6.877898202269607 7.34501079472 7.812123387170393
