disc_num_Data: 46525.726653046906 114291.966667 182058.2066802864
before_accuracy_Data: 0.7118270843668177 0.765666666667 0.8195062489665159
before_fairness_Data: 0.06029987498695563 0.0956466666667 0.13099345834637768
after_accuracy_Data: 0.7017418007342011 0.762666666667 0.8235915325991321
after_fairness_Data: 0.02062126046860759 0.0463533333333 0.0720854061980591
