disc_num_Data: 268737.64242910466 442564.033333 616390.424237562
before_accuracy_Data: 0.8892177336963983 0.897519259833 0.9058207859689346
before_fairness_Data: 0.034593605734768135 0.0492225 0.06385139426523184
after_accuracy_Data: 0.8889036527282848 0.896575620185 0.9042475876419818
after_fairness_Data: -0.04454942765294894 0.0581483333333 0.1608460943196156
