disc_num_Data: 35170.33556472749 322677.433333 610184.5311019393
before_accuracy_Data: 0.826480479102572 0.83764778136 0.8488150836180278
before_fairness_Data: 0.024214397878073807 0.246720833333 0.4692272687885928
after_accuracy_Data: 0.8236785556004796 0.833619939608 0.8435613236155871
after_fairness_Data: -0.047261043652524856 0.0925458333333 0.23235271031919152
