disc_num_Data: 92965.27882631103 126489.1 160012.92117368898
before_accuracy_Data: 0.8091604560623926 0.818306975792 0.8274534955216739
before_fairness_Data: 0.0012433843075308818 0.00166666666667 0.002089949025802451
after_accuracy_Data: 0.8090430431076193 0.818450278929 0.8278575147511139
after_fairness_Data: 0.0009136359219200335 0.00136583333333 0.0018180307447466326
