disc_num_Data: 12420.764126792099 128897.566667 245374.36920654122
before_accuracy_Data: 0.8900884919411141 0.896015334144 0.9019421763475524
before_fairness_Data: 0.027722278870467548 0.0974883333333 0.1672543877961991
after_accuracy_Data: 0.8895144202126555 0.895532456043 0.9015504918741444
after_fairness_Data: 0.04906309455301384 0.104039166667 0.15901523878031948
