disc_num_Data: 65312.71040302563 111464.133333 157615.55626364105
before_accuracy_Data: 0.8221251787881532 0.834315983418 0.8465067880472468
before_fairness_Data: 0.0006440939787415011 0.00880416666667 0.016964239354591827
after_accuracy_Data: 0.8156736144868845 0.831634167562 0.8475947206377817
after_fairness_Data: 0.0008442325138052383 0.00647416666667 0.0121041008195281
