140698.21051104978 517093.3 893488.3894889501
before_accuracy: 0.8238808945828349 0.834402988894 0.8449250832050985
before_disc_percentage: -0.0001103357410268159 0.0199466666667 0.04000366907436016
after_accuracy: 0.8182719074351134 0.832207380112 0.8461428527879532
after_disc_percentage: -0.0037603762077963974 0.009695 0.023150376207796402
distance: 5.137894122143853 6.0630631691 6.988232216056151
