140698.21051104978 517093.3 893488.3894889501
before_accuracy: 0.8238808945828349 0.834402988894 0.8449250832050985
before_disc_percentage: -0.0001103357410268159 0.0199466666667 0.04000366907436016
after_accuracy: 0.8200213370682612 0.831490864425 0.8429603917817388
after_disc_percentage: -0.002381329316319859 0.00919166666667 0.02076466264965319
distance: 3.369265458311066 4.0040149105 4.638764362686935
