140698.21051104978 517093.3 893488.3894889501
before_accuracy: 0.8238808945828349 0.834402988894 0.8449250832050985
before_disc_percentage: -0.0001103357410268159 0.0199466666667 0.04000366907436016
after_accuracy: 0.8218258147078098 0.832632171554 0.8434385284008569
after_disc_percentage: -0.0021350774381096865 0.00786833333333 0.017871744104776353
distance: 2.7332355480951125 3.72173462469 4.7102337012942215
