140698.21051104978 517093.3 893488.3894889501
before_accuracy: 0.8238808945828349 0.834402988894 0.8449250832050985
before_disc_percentage: -0.0001103357410268159 0.0199466666667 0.04000366907436016
after_accuracy: 0.8208031671998138 0.833850248222 0.8468973292431862
after_disc_percentage: -0.0036416851351609766 0.0100958333333 0.02383335180182764
distance: 3.6643368937203764 3.87378143545 4.08322597718029
