disc_num_Data: 87167.37560726283 509080.7 930994.0243927372
before_accuracy_Data: 0.8259226075594813 0.834141972465 0.8423613373711186
before_fairness_Data: 0.0025353523257017913 0.01777 0.03300464767429822
after_accuracy_Data: 0.8220322128923762 0.832442806694 0.8428534004963572
after_fairness_Data: 0.0025173306257420223 0.0269958333333 0.05147433604092465
