disc_num_Data: 19326.25028772556 140077.8 260829.34971227442
before_accuracy_Data: 0.7187580737404826 0.778333333333 0.8379085929261842
before_fairness_Data: 0.039668841583093375 0.120146666667 0.20062449175024
after_accuracy_Data: 0.7136205465410622 0.774 0.8343794534589374
after_fairness_Data: 0.009905224070563837 0.0966758333333 0.18344644259610282
