disc_num_Data: 83.24091961180466 4070.06666667 8056.892413721529
before_accuracy_Data: 0.6579526294577097 0.716833333333 0.7757140372089572
before_fairness_Data: 0.000608215353959581 0.0014575 0.002306784646040419
after_accuracy_Data: 0.6598741796538714 0.7215 0.7831258203461289
after_fairness_Data: 0.0006617459900421414 0.00129416666667 0.0019265873432911917
